   1  5.192500e+04    3.17e+05    2.21e+04   2.21e+01   1.10e+00  3.00e+04        1    3.83e-01    8.25e-01
   2  4.783538e+04    4.09e+03    2.99e+03   5.40e+00   1.34e+00  9.00e+04        1    3.54e-01    1.18e+00
   3  4.692078e+04    9.15e+02    1.22e+03   3.63e+00   1.61e+00  2.70e+05        1    3.65e-01    1.54e+00
   4  4.647388e+04    4.47e+02    9.06e+02   4.38e+00   1.73e+00  8.10e+05        1    3.61e-01    1.91e+00
   5  4.622737e+04    2.47e+02    6.33e+02   4.30e+00   1.75e+00  2.43e+06        1    3.52e-01    2.26e+00
   6  4.609663e+04    1.31e+02    6.69e+02   2.39e+00   1.75e+00  7.29e+06        1    3.60e-01    2.62e+00
   7  4.602847e+04    6.82e+01    1.51e+03   1.24e+00   1.72e+00  2.19e+07        1    3.63e-01    2.98e+00
   8  4.599242e+04    3.61e+01    2.21e+03   1.16e+00   1.67e+00  6.56e+07        1    3.60e-01    3.34e+00
   9  4.597360e+04    1.88e+01    1.47e+03   6.27e-01   1.60e+00  1.97e+08        1    3.62e-01    3.70e+00
  10  4.596345e+04    1.01e+01    4.94e+02   2.21e-01   1.70e+00  5.90e+08        1    3.61e-01    4.07e+00
  11  4.595749e+04    5.96e+00    1.56e+02   1.24e-01   1.84e+00  1.77e+09        1    3.57e-01    4.43e+00
  12  4.595330e+04    4.20e+00    5.97e+01   9.08e-02   1.88e+00  5.31e+09        1    3.56e-01    4.78e+00
  13  4.595006e+04    3.24e+00    5.86e+01   7.15e-02   1.91e+00  1.59e+10        1    3.59e-01    5.14e+00
  14  4.594756e+04    2.50e+00    5.59e+01   5.63e-02   1.87e+00  4.78e+10        1    3.58e-01    5.50e+00
  15  4.594568e+04    1.88e+00    5.58e+01   4.38e-02   1.91e+00  1.43e+11        1    3.61e-01    5.86e+00
  16  4.594415e+04    1.54e+00    5.59e+01   3.76e-02   1.89e+00  4.30e+11        1    3.59e-01    6.22e+00
  17  4.594293e+04    1.22e+00    5.60e+01   3.30e-02   1.92e+00  1.29e+12        1    3.59e-01    6.58e+00
  18  4.594193e+04    9.93e-01    5.08e+01   2.97e-02   1.89e+00  3.87e+12        1    3.69e-01    6.95e+00
  19  4.594124e+04    6.91e-01    2.94e+01   2.58e-02   1.81e+00  1.16e+13        1    3.60e-01    7.31e+00
  20  4.594072e+04    5.25e-01    2.72e+01   2.31e-02   1.89e+00  3.49e+13        1    3.63e-01    7.67e+00
  21  4.594028e+04    4.42e-01    2.73e+01   2.13e-02   1.95e+00  1.05e+14        1    3.57e-01    8.04e+00
  22  4.593988e+04    3.97e-01    2.76e+01   1.99e-02   1.96e+00  3.14e+14        1    3.53e-01    8.39e+00
  23  4.593952e+04    3.59e-01    2.79e+01   1.87e-02   1.94e+00  9.41e+14        1    3.60e-01    8.75e+00
  24  4.593921e+04    3.13e-01    2.82e+01   1.76e-02   1.93e+00  2.82e+15        1    3.63e-01    9.11e+00
  25  4.593894e+04    2.68e-01    2.85e+01   1.65e-02   1.94e+00  8.47e+15        1    3.51e-01    9.47e+00
  26  4.593871e+04    2.30e-01    2.88e+01   1.56e-02   1.89e+00  2.54e+16        1    3.58e-01    9.82e+00
  27  4.593852e+04    1.86e-01    2.91e+01   1.49e-02   1.93e+00  7.63e+16        1    3.65e-01    1.02e+01
  28  4.593835e+04    1.69e-01    2.93e+01   1.44e-02   1.97e+00  2.29e+17        1    3.52e-01    1.05e+01
  29  4.593819e+04    1.59e-01    2.96e+01   1.39e-02   1.98e+00  6.86e+17        1    3.53e-01    1.09e+01
  30  4.593805e+04    1.48e-01    2.98e+01   1.35e-02   1.94e+00  2.06e+18        1    3.51e-01    1.12e+01
  31  4.593791e+04    1.34e-01    3.00e+01   1.30e-02   1.97e+00  6.18e+18        1    4.02e-01    1.17e+01
  32  4.593779e+04    1.21e-01    2.73e+01   1.26e-02   1.91e+00  1.85e+19        1    4.01e-01    1.21e+01
  33  4.593770e+04    8.74e-02    2.73e+01   1.23e-02   1.85e+00  5.56e+19        1    3.97e-01    1.25e+01
  34  4.593763e+04    7.68e-02    2.73e+01   1.19e-02   1.97e+00  1.00e+20        1    4.04e-01    1.29e+01
  35  4.593755e+04    7.42e-02    2.73e+01   1.16e-02   1.98e+00  1.00e+20        1    3.74e-01    1.32e+01
  36  4.593748e+04    7.20e-02    2.73e+01   1.14e-02   1.98e+00  1.00e+20        1    3.57e-01    1.36e+01
  37  4.593741e+04    6.99e-02    2.73e+01   1.11e-02   1.98e+00  1.00e+20        1    3.59e-01    1.39e+01
  38  4.593734e+04    6.81e-02    2.73e+01   1.09e-02   1.99e+00  1.00e+20        1    3.50e-01    1.43e+01
  39  4.593728e+04    6.60e-02    2.73e+01   1.07e-02   1.98e+00  1.00e+20        1    3.58e-01    1.47e+01
  40  4.593721e+04    6.26e-02    2.73e+01   1.05e-02   1.98e+00  1.00e+20        1    3.56e-01    1.50e+01
  41  4.593715e+04    6.04e-02    2.73e+01   1.03e-02   1.99e+00  1.00e+20        1    3.58e-01    1.54e+01
  42  4.593710e+04    5.88e-02    2.73e+01   1.01e-02   1.99e+00  1.00e+20        1    3.58e-01    1.57e+01
  43  4.593704e+04    5.48e-02    2.73e+01   9.87e-03   1.95e+00  1.00e+20        1    3.52e-01    1.61e+01
  44  4.593699e+04    5.20e-02    2.73e+01   9.68e-03   1.98e+00  1.00e+20        1    3.61e-01    1.64e+01
  45  4.593694e+04    5.07e-02    2.73e+01   9.50e-03   1.99e+00  1.00e+20        1    3.63e-01    1.68e+01
  46  4.593689e+04    4.96e-02    2.73e+01   9.34e-03   1.99e+00  1.00e+20        1    3.56e-01    1.72e+01
  47  4.593684e+04    4.85e-02    2.73e+01   9.17e-03   1.99e+00  1.00e+20        1    3.52e-01    1.75e+01
  48  4.593679e+04    4.54e-02    2.73e+01   9.02e-03   1.91e+00  1.00e+20        1    3.96e-01    1.79e+01
  49  4.593675e+04    4.12e-02    2.74e+01   8.64e-03   1.97e+00  1.00e+20        1    3.64e-01    1.83e+01
  50  4.593671e+04    3.96e-02    2.74e+01   8.49e-03   1.99e+00  1.00e+20        1    3.55e-01    1.86e+01
  51  4.593667e+04    3.88e-02    2.74e+01   8.35e-03   1.99e+00  1.00e+20        1    3.56e-01    1.90e+01
  52  4.593664e+04    3.80e-02    2.74e+01   8.22e-03   1.99e+00  1.00e+20        1    3.61e-01    1.94e+01
  53  4.593660e+04    3.72e-02    2.74e+01   8.09e-03   1.99e+00  1.00e+20        1    3.91e-01    1.97e+01
  54  4.593656e+04    3.64e-02    2.74e+01   7.96e-03   1.99e+00  1.00e+20        1    4.10e-01    2.02e+01
  55  4.593653e+04    3.57e-02    2.74e+01   7.84e-03   1.99e+00  1.00e+20        1    3.94e-01    2.06e+01
  56  4.593649e+04    3.49e-02    2.74e+01   7.71e-03   1.99e+00  1.00e+20        1    3.55e-01    2.09e+01
  57  4.593646e+04    3.42e-02    2.74e+01   7.59e-03   1.99e+00  1.00e+20        1    3.52e-01    2.13e+01
  58  4.593642e+04    3.35e-02    2.74e+01   7.47e-03   1.99e+00  1.00e+20        1    3.62e-01    2.16e+01
  59  4.593639e+04    3.26e-02    2.71e+01   7.35e-03   1.99e+00  1.00e+20        1    3.56e-01    2.20e+01
  60  4.593637e+04    2.66e-02    1.88e+01   7.24e-03   1.68e+00  1.00e+20        1    3.53e-01    2.23e+01
  61  4.593635e+04    1.93e-02    1.88e+01   7.14e-03   1.95e+00  1.00e+20        1    3.59e-01    2.27e+01
  62  4.593633e+04    1.89e-02    1.87e+01   7.00e-03   1.98e+00  1.00e+20        1    3.52e-01    2.30e+01
  63  4.593631e+04    1.87e-02    1.86e+01   6.89e-03   1.99e+00  1.00e+20        1    3.94e-01    2.34e+01
  64  4.593629e+04    1.84e-02    1.86e+01   6.78e-03   1.99e+00  1.00e+20        1    3.54e-01    2.38e+01
  65  4.593627e+04    1.82e-02    1.85e+01   6.68e-03   1.99e+00  1.00e+20        1    3.98e-01    2.42e+01
  66  4.593625e+04    1.79e-02    1.85e+01   6.57e-03   1.99e+00  1.00e+20        1    4.04e-01    2.46e+01
  67  4.593624e+04    1.77e-02    1.84e+01   6.47e-03   1.99e+00  1.00e+20        1    3.55e-01    2.50e+01
  68  4.593622e+04    1.74e-02    1.84e+01   6.37e-03   1.99e+00  1.00e+20        1    3.63e-01    2.53e+01
  69  4.593620e+04    1.72e-02    1.83e+01   6.27e-03   1.99e+00  1.00e+20        1    3.56e-01    2.57e+01
  70  4.593619e+04    1.69e-02    1.83e+01   6.17e-03   1.99e+00  1.00e+20        1    3.54e-01    2.60e+01
  71  4.593617e+04    1.67e-02    1.83e+01   6.07e-03   1.99e+00  1.00e+20        1    3.65e-01    2.64e+01
  72  4.593615e+04    1.45e-02    8.58e+00   5.97e-03   1.76e+00  1.00e+20        1    3.77e-01    2.68e+01
  73  4.593614e+04    1.01e-02    8.61e+00   5.86e-03   1.92e+00  1.00e+20        1    3.59e-01    2.71e+01
  74  4.593613e+04    9.15e-03    8.59e+00   5.77e-03   1.91e+00  1.00e+20        1    3.64e-01    2.75e+01
  75  4.593613e+04    7.10e-03    8.31e+00   5.67e-03   1.89e+00  1.00e+20        1    4.01e-01    2.79e+01
  76  4.593612e+04    6.24e-03    8.04e+00   5.57e-03   1.98e+00  1.00e+20        1    3.95e-01    2.83e+01
  77  4.593612e+04    6.02e-03    7.93e+00   5.48e-03   2.00e+00  1.00e+20        1    3.93e-01    2.87e+01
  78  4.593611e+04    5.93e-03    7.89e+00   5.39e-03   2.00e+00  1.00e+20        1    3.68e-01    2.91e+01
  79  4.593610e+04    5.85e-03    7.87e+00   5.30e-03   2.00e+00  1.00e+20        1    3.62e-01    2.94e+01
  80  4.593610e+04    5.78e-03    7.86e+00   5.21e-03   2.00e+00  1.00e+20        1    3.69e-01    2.98e+01
  81  4.593609e+04    5.72e-03    7.86e+00   5.13e-03   2.00e+00  1.00e+20        1    3.70e-01    3.02e+01
  82  4.593609e+04    5.65e-03    7.85e+00   5.05e-03   2.00e+00  1.00e+20        1    3.59e-01    3.05e+01
  83  4.593608e+04    5.58e-03    7.85e+00   4.96e-03   2.00e+00  1.00e+20        1    3.62e-01    3.09e+01
  84  4.593608e+04    5.52e-03    7.85e+00   4.88e-03   2.00e+00  1.00e+20        1    3.57e-01    3.12e+01
  85  4.593607e+04    5.45e-03    7.85e+00   4.80e-03   2.00e+00  1.00e+20        1    3.56e-01    3.16e+01
  86  4.593606e+04    5.39e-03    7.85e+00   4.72e-03   2.00e+00  1.00e+20        1    3.53e-01    3.20e+01
  87  4.593606e+04    5.32e-03    7.85e+00   4.64e-03   2.00e+00  1.00e+20        1    3.62e-01    3.23e+01
  88  4.593605e+04    5.26e-03    7.85e+00   4.57e-03   2.00e+00  1.00e+20        1    3.58e-01    3.27e+01
  89  4.593605e+04    5.20e-03    7.85e+00   4.49e-03   2.00e+00  1.00e+20        1    3.60e-01    3.30e+01
  90  4.593604e+04    5.13e-03    7.85e+00   4.42e-03   2.00e+00  1.00e+20        1    3.60e-01    3.34e+01
  91  4.593604e+04    5.07e-03    7.85e+00   4.34e-03   2.00e+00  1.00e+20        1    3.53e-01    3.38e+01
  92  4.593603e+04    5.01e-03    7.85e+00   4.27e-03   2.00e+00  1.00e+20        1    3.51e-01    3.41e+01
  93  4.593603e+04    4.73e-03    5.27e+00   4.20e-03   1.91e+00  1.00e+20        1    3.54e-01    3.45e+01
  94  4.593603e+04    2.62e-03    2.36e+00   4.12e-03   1.64e+00  1.00e+20        1    3.53e-01    3.48e+01
  95  4.593602e+04    1.77e-03    2.36e+00   4.04e-03   1.91e+00  1.00e+20        1    3.97e-01    3.52e+01
  96  4.593602e+04    1.75e-03    2.36e+00   3.97e-03   1.98e+00  1.00e+20        1    3.91e-01    3.56e+01
  97  4.593602e+04    1.74e-03    2.36e+00   3.90e-03   1.98e+00  1.00e+20        1    3.95e-01    3.60e+01
  98  4.593602e+04    1.73e-03    2.36e+00   3.84e-03   1.99e+00  1.00e+20        1    3.72e-01    3.64e+01
  99  4.593602e+04    1.72e-03    2.36e+00   3.77e-03   1.99e+00  1.00e+20        1    3.57e-01    3.67e+01
 100  4.593602e+04    1.70e-03    2.36e+00   3.71e-03   1.99e+00  1.00e+20        1    3.57e-01    3.71e+01
 101  4.593601e+04    1.69e-03    2.36e+00   3.64e-03   1.99e+00  1.00e+20        1    3.57e-01    3.74e+01
 102  4.593601e+04    1.67e-03    2.36e+00   3.58e-03   1.99e+00  1.00e+20        1    3.54e-01    3.78e+01
 103  4.593601e+04    1.66e-03    2.36e+00   3.52e-03   1.99e+00  1.00e+20        1    3.54e-01    3.82e+01
 104  4.593601e+04    1.64e-03    2.36e+00   3.46e-03   1.99e+00  1.00e+20        1    3.59e-01    3.85e+01
 105  4.593601e+04    1.63e-03    2.36e+00   3.40e-03   1.99e+00  1.00e+20        1    3.55e-01    3.89e+01
 106  4.593601e+04    1.62e-03    2.36e+00   3.34e-03   1.99e+00  1.00e+20        1    3.63e-01    3.92e+01
 107  4.593600e+04    1.60e-03    2.36e+00   3.28e-03   1.99e+00  1.00e+20        1    3.56e-01    3.96e+01
 108  4.593600e+04    1.59e-03    2.36e+00   3.23e-03   1.99e+00  1.00e+20        1    3.65e-01    4.00e+01
 109  4.593600e+04    1.58e-03    2.36e+00   3.17e-03   1.99e+00  1.00e+20        1    3.53e-01    4.03e+01
 110  4.593600e+04    1.56e-03    2.36e+00   3.11e-03   1.99e+00  1.00e+20        1    3.56e-01    4.07e+01
 111  4.593600e+04    1.55e-03    2.36e+00   3.06e-03   1.99e+00  1.00e+20        1    3.68e-01    4.10e+01
 112  4.593600e+04    1.54e-03    2.36e+00   3.01e-03   1.99e+00  1.00e+20        1    3.62e-01    4.14e+01
 113  4.593599e+04    1.52e-03    2.36e+00   2.95e-03   1.99e+00  1.00e+20        1    3.62e-01    4.18e+01
 114  4.593599e+04    1.51e-03    2.36e+00   2.90e-03   1.99e+00  1.00e+20        1    3.60e-01    4.21e+01
 115  4.593599e+04    1.50e-03    2.36e+00   2.85e-03   1.99e+00  1.00e+20        1    3.60e-01    4.25e+01
 116  4.593599e+04    1.48e-03    2.36e+00   2.80e-03   1.99e+00  1.00e+20        1    3.60e-01    4.28e+01
 117  4.593599e+04    1.47e-03    2.36e+00   2.75e-03   1.99e+00  1.00e+20        1    3.63e-01    4.32e+01
 118  4.593599e+04    1.46e-03    2.36e+00   2.70e-03   1.99e+00  1.00e+20        1    3.65e-01    4.36e+01
 119  4.593599e+04    1.45e-03    2.36e+00   2.66e-03   1.99e+00  1.00e+20        1    3.55e-01    4.39e+01
 120  4.593598e+04    1.44e-03    2.36e+00   2.61e-03   1.99e+00  1.00e+20        1    3.61e-01    4.43e+01
 121  4.593598e+04    1.42e-03    2.36e+00   2.56e-03   1.99e+00  1.00e+20        1    3.64e-01    4.47e+01
 122  4.593598e+04    1.41e-03    2.36e+00   2.52e-03   1.99e+00  1.00e+20        1    3.60e-01    4.50e+01
 123  4.593598e+04    1.40e-03    2.36e+00   2.47e-03   1.99e+00  1.00e+20        1    3.63e-01    4.54e+01
 124  4.593598e+04    1.26e-03    1.70e+00   2.43e-03   1.81e+00  1.00e+20        1    3.57e-01    4.57e+01
 125  4.593598e+04    4.84e-04    1.50e+00   2.35e-03   1.54e+00  1.00e+20        1    3.68e-01    4.61e+01
 126  4.593598e+04    2.52e-04    1.50e+00   2.29e-03   1.95e+00  1.00e+20        1    3.57e-01    4.65e+01
 127  4.593598e+04    2.31e-04    1.50e+00   2.25e-03   1.96e+00  1.00e+20        1    3.53e-01    4.68e+01
 128  4.593598e+04    2.28e-04    1.51e+00   2.21e-03   1.96e+00  1.00e+20        1    3.67e-01    4.72e+01
 129  4.593598e+04    2.26e-04    1.51e+00   2.17e-03   1.96e+00  1.00e+20        1    3.64e-01    4.75e+01
 130  4.593598e+04    2.25e-04    1.52e+00   2.13e-03   1.96e+00  1.00e+20        1    3.57e-01    4.79e+01
 131  4.593598e+04    2.23e-04    1.52e+00   2.09e-03   1.96e+00  1.00e+20        1    3.78e-01    4.83e+01
 132  4.593598e+04    2.20e-04    1.48e+00   2.05e-03   1.95e+00  1.00e+20        1    3.60e-01    4.86e+01
 133  4.593598e+04    2.08e-04    1.49e+00   2.01e-03   1.93e+00  1.00e+20        1    3.59e-01    4.90e+01
 134  4.593598e+04    2.02e-04    1.50e+00   1.98e-03   1.95e+00  1.00e+20        1    3.57e-01    4.94e+01
 135  4.593598e+04    2.00e-04    1.51e+00   1.94e-03   1.96e+00  1.00e+20        1    3.51e-01    4.97e+01
 136  4.593598e+04    1.99e-04    1.52e+00   1.91e-03   1.96e+00  1.00e+20        1    3.52e-01    5.01e+01
 137  4.593598e+04    1.98e-04    1.52e+00   1.87e-03   1.96e+00  1.00e+20        1    3.53e-01    5.04e+01
 138  4.593598e+04    1.97e-04    1.60e+00   1.84e-03   1.96e+00  1.00e+20        1    3.63e-01    5.08e+01
 139  4.593598e+04    1.96e-04    1.60e+00   1.80e-03   1.96e+00  1.00e+20        1    3.60e-01    5.11e+01
 140  4.593598e+04    1.95e-04    1.60e+00   1.77e-03   1.96e+00  1.00e+20        1    4.05e-01    5.16e+01
 141  4.593598e+04    1.94e-04    1.60e+00   1.74e-03   1.96e+00  1.00e+20        1    3.57e-01    5.19e+01
 142  4.593597e+04    1.93e-04    1.60e+00   1.70e-03   1.96e+00  1.00e+20        1    3.56e-01    5.23e+01
 143  4.593597e+04    1.92e-04    1.34e+00   1.67e-03   1.96e+00  1.00e+20        1    3.97e-01    5.27e+01
 144  4.593597e+04    1.91e-04    1.34e+00   1.64e-03   1.96e+00  1.00e+20        1    4.03e-01    5.31e+01
 145  4.593597e+04    1.91e-04    1.34e+00   1.61e-03   1.96e+00  1.00e+20        1    4.01e-01    5.35e+01
 146  4.593597e+04    1.90e-04    1.34e+00   1.58e-03   1.96e+00  1.00e+20        1    4.01e-01    5.39e+01
 147  4.593597e+04    1.89e-04    1.34e+00   1.55e-03   1.96e+00  1.00e+20        1    3.56e-01    5.42e+01
 148  4.593597e+04    1.89e-04    1.34e+00   1.52e-03   1.96e+00  1.00e+20        1    3.58e-01    5.46e+01
 149  4.593597e+04    1.88e-04    1.34e+00   1.49e-03   1.96e+00  1.00e+20        1    3.60e-01    5.50e+01
 150  4.593597e+04    1.87e-04    1.34e+00   1.46e-03   1.96e+00  1.00e+20        1    3.60e-01    5.53e+01
 151  4.593597e+04    1.87e-04    1.34e+00   1.44e-03   1.96e+00  1.00e+20        1    3.65e-01    5.57e+01
 152  4.593597e+04    1.86e-04    1.34e+00   1.41e-03   1.97e+00  1.00e+20        1    3.53e-01    5.60e+01
 153  4.593597e+04    1.86e-04    1.34e+00   1.38e-03   1.97e+00  1.00e+20        1    3.54e-01    5.64e+01
 154  4.593597e+04    1.85e-04    1.34e+00   1.36e-03   1.97e+00  1.00e+20        1    3.54e-01    5.67e+01
 155  4.593597e+04    1.85e-04    1.34e+00   1.33e-03   1.97e+00  1.00e+20        1    3.62e-01    5.71e+01
 156  4.593597e+04    1.85e-04    1.34e+00   1.31e-03   1.97e+00  1.00e+20        1    3.54e-01    5.75e+01
 157  4.593597e+04    1.84e-04    1.34e+00   1.28e-03   1.97e+00  1.00e+20        1    3.55e-01    5.78e+01
 158  4.593597e+04    1.84e-04    1.34e+00   1.26e-03   1.97e+00  1.00e+20        1    3.59e-01    5.82e+01
 159  4.593597e+04    1.83e-04    1.34e+00   1.24e-03   1.97e+00  1.00e+20        1    3.71e-01    5.85e+01
 160  4.593597e+04    1.83e-04    1.34e+00   1.21e-03   1.97e+00  1.00e+20        1    3.60e-01    5.89e+01
 161  4.593597e+04    1.83e-04    1.35e+00   1.19e-03   1.97e+00  1.00e+20        1    3.99e-01    5.93e+01
 162  4.593597e+04    1.83e-04    1.62e+00   1.17e-03   1.97e+00  1.00e+20        1    3.71e-01    5.97e+01
 163  4.593597e+04    1.82e-04    1.62e+00   1.14e-03   1.97e+00  1.00e+20        1    3.60e-01    6.00e+01
 164  4.593597e+04    1.82e-04    1.62e+00   1.12e-03   1.97e+00  1.00e+20        1    3.97e-01    6.04e+01
 165  4.593597e+04    1.82e-04    1.62e+00   1.10e-03   1.97e+00  1.00e+20        1    3.58e-01    6.08e+01
 166  4.593597e+04    1.82e-04    1.62e+00   1.08e-03   1.97e+00  1.00e+20        1    3.57e-01    6.12e+01
 167  4.593597e+04    1.81e-04    1.62e+00   1.06e-03   1.97e+00  1.00e+20        1    3.63e-01    6.15e+01
 168  4.593597e+04    1.81e-04    1.62e+00   1.04e-03   1.97e+00  1.00e+20        1    3.58e-01    6.19e+01
 169  4.593597e+04    1.81e-04    1.62e+00   1.02e-03   1.97e+00  1.00e+20        1    3.62e-01    6.22e+01
 170  4.593597e+04    1.81e-04    1.62e+00   1.00e-03   1.97e+00  1.00e+20        1    3.54e-01    6.26e+01
 171  4.593597e+04    1.81e-04    1.62e+00   9.83e-04   1.97e+00  1.00e+20        1    3.61e-01    6.30e+01
 172  4.593597e+04    1.80e-04    1.62e+00   9.64e-04   1.97e+00  1.00e+20        1    3.58e-01    6.33e+01
 173  4.593597e+04    1.80e-04    1.62e+00   9.46e-04   1.97e+00  1.00e+20        1    3.56e-01    6.37e+01
 174  4.593597e+04    1.80e-04    1.62e+00   9.28e-04   1.97e+00  1.00e+20        1    3.58e-01    6.40e+01
 175  4.593597e+04    1.80e-04    1.62e+00   9.10e-04   1.98e+00  1.00e+20        1    3.53e-01    6.44e+01
 176  4.593597e+04    1.80e-04    1.62e+00   8.93e-04   1.98e+00  1.00e+20        1    3.61e-01    6.47e+01
 177  4.593597e+04    1.80e-04    1.62e+00   8.76e-04   1.98e+00  1.00e+20        1    3.61e-01    6.51e+01
 178  4.593597e+04    1.80e-04    1.62e+00   8.60e-04   1.98e+00  1.00e+20        1    3.55e-01    6.55e+01
 179  4.593597e+04    1.80e-04    1.62e+00   8.43e-04   1.98e+00  1.00e+20        1    3.54e-01    6.58e+01
 180  4.593597e+04    1.79e-04    1.62e+00   8.27e-04   1.98e+00  1.00e+20        1    3.66e-01    6.62e+01
 181  4.593597e+04    1.79e-04    1.62e+00   8.12e-04   1.98e+00  1.00e+20        1    3.51e-01    6.65e+01
 182  4.593597e+04    1.79e-04    1.67e+00   7.96e-04   1.98e+00  1.00e+20        1    3.59e-01    6.69e+01
 183  4.593597e+04    1.79e-04    1.67e+00   7.81e-04   1.98e+00  1.00e+20        1    3.52e-01    6.73e+01
 184  4.593597e+04    1.79e-04    1.67e+00   7.67e-04   1.98e+00  1.00e+20        1    3.58e-01    6.76e+01
 185  4.593597e+04    1.79e-04    1.67e+00   7.52e-04   1.98e+00  1.00e+20        1    3.57e-01    6.80e+01
 186  4.593597e+04    1.79e-04    1.67e+00   7.38e-04   1.98e+00  1.00e+20        1    3.71e-01    6.83e+01
 187  4.593597e+04    1.79e-04    1.67e+00   7.24e-04   1.98e+00  1.00e+20        1    4.11e-01    6.87e+01
 188  4.593597e+04    1.79e-04    1.67e+00   7.10e-04   1.98e+00  1.00e+20        1    4.67e-01    6.92e+01
 189  4.593597e+04    1.79e-04    1.67e+00   6.97e-04   1.98e+00  1.00e+20        1    3.92e-01    6.96e+01
 190  4.593597e+04    1.79e-04    1.67e+00   6.84e-04   1.98e+00  1.00e+20        1    3.63e-01    7.00e+01
 191  4.593597e+04    1.79e-04    1.67e+00   6.71e-04   1.98e+00  1.00e+20        1    3.60e-01    7.03e+01
 192  4.593597e+04    1.79e-04    1.68e+00   6.58e-04   1.98e+00  1.00e+20        1    3.62e-01    7.07e+01
 193  4.593597e+04    1.79e-04    1.68e+00   6.46e-04   1.98e+00  1.00e+20        1    3.92e-01    7.11e+01
 194  4.593597e+04    1.79e-04    1.68e+00   6.34e-04   1.98e+00  1.00e+20        1    3.92e-01    7.15e+01
 195  4.593597e+04    1.79e-04    1.68e+00   6.22e-04   1.98e+00  1.00e+20        1    3.91e-01    7.19e+01
 196  4.593597e+04    1.79e-04    1.68e+00   6.10e-04   1.98e+00  1.00e+20        1    3.90e-01    7.23e+01
 197  4.593596e+04    1.79e-04    1.68e+00   5.99e-04   1.98e+00  1.00e+20        1    3.97e-01    7.27e+01
 198  4.593596e+04    1.79e-04    1.68e+00   5.87e-04   1.98e+00  1.00e+20        1    3.64e-01    7.30e+01
 199  4.593596e+04    1.79e-04    1.68e+00   5.76e-04   1.98e+00  1.00e+20        1    3.63e-01    7.34e+01
 200  4.593596e+04    1.79e-04    1.68e+00   5.66e-04   1.98e+00  1.00e+20        1    3.65e-01    7.38e+01
