   1  2.293760e+05    2.47e+06    1.60e+05   2.02e+01   1.05e+00  3.00e+04        1    6.52e-01    1.33e+00
   2  2.159003e+05    1.35e+04    1.35e+04   6.07e+00   1.19e+00  9.00e+04        1    5.44e-01    1.87e+00
   3  2.128623e+05    3.04e+03    9.27e+03   4.64e+00   1.26e+00  2.70e+05        1    5.42e-01    2.42e+00
   4  2.116481e+05    1.21e+03    6.10e+03   4.43e+00   1.29e+00  8.10e+05        1    5.42e-01    2.96e+00
   5  2.111224e+05    5.26e+02    3.04e+03   4.67e+00   1.39e+00  2.43e+06        1    5.43e-01    3.50e+00
   6  2.108600e+05    2.62e+02    9.97e+02   4.35e+00   1.50e+00  7.29e+06        1    5.47e-01    4.05e+00
   7  2.107149e+05    1.45e+02    9.49e+02   3.22e+00   1.57e+00  2.19e+07        1    5.43e-01    4.59e+00
   8  2.106222e+05    9.27e+01    7.86e+02   2.35e+00   1.69e+00  6.56e+07        1    5.43e-01    5.14e+00
   9  2.105568e+05    6.54e+01    7.65e+02   1.90e+00   1.78e+00  1.97e+08        1    5.75e-01    5.71e+00
  10  2.105066e+05    5.02e+01    7.30e+02   1.47e+00   1.80e+00  5.90e+08        1    5.41e-01    6.25e+00
  11  2.104654e+05    4.12e+01    6.85e+02   9.99e-01   1.83e+00  1.77e+09        1    5.45e-01    6.81e+00
  12  2.104289e+05    3.65e+01    6.31e+02   6.31e-01   1.85e+00  5.31e+09        1    5.42e-01    7.35e+00
  13  2.103958e+05    3.31e+01    5.83e+02   5.61e-01   1.84e+00  1.59e+10        1    5.43e-01    7.90e+00
  14  2.103661e+05    2.97e+01    5.15e+02   5.41e-01   1.83e+00  4.78e+10        1    5.50e-01    8.45e+00
  15  2.103400e+05    2.61e+01    4.58e+02   5.17e-01   1.82e+00  1.43e+11        1    5.46e-01    8.99e+00
  16  2.103173e+05    2.27e+01    4.27e+02   5.15e-01   1.82e+00  4.30e+11        1    5.49e-01    9.54e+00
  17  2.102981e+05    1.92e+01    4.14e+02   5.29e-01   1.82e+00  1.29e+12        1    5.50e-01    1.01e+01
  18  2.102822e+05    1.59e+01    3.40e+02   5.47e-01   1.82e+00  3.87e+12        1    5.62e-01    1.07e+01
  19  2.102692e+05    1.29e+01    2.93e+02   5.53e-01   1.83e+00  1.16e+13        1    5.44e-01    1.12e+01
  20  2.102588e+05    1.05e+01    2.69e+02   5.46e-01   1.85e+00  3.49e+13        1    5.43e-01    1.17e+01
  21  2.102504e+05    8.37e+00    2.49e+02   5.21e-01   1.86e+00  1.05e+14        1    5.43e-01    1.23e+01
  22  2.102438e+05    6.65e+00    2.33e+02   4.77e-01   1.88e+00  3.14e+14        1    5.45e-01    1.28e+01
  23  2.102385e+05    5.26e+00    1.88e+02   4.24e-01   1.88e+00  9.41e+14        1    5.48e-01    1.34e+01
  24  2.102344e+05    4.07e+00    1.88e+02   3.65e-01   1.89e+00  2.82e+15        1    5.44e-01    1.39e+01
  25  2.102314e+05    3.00e+00    1.88e+02   3.06e-01   1.80e+00  8.47e+15        1    5.43e-01    1.45e+01
  26  2.102296e+05    1.86e+00    1.20e+02   2.19e-01   1.81e+00  2.54e+16        1    5.43e-01    1.50e+01
  27  2.102282e+05    1.35e+00    6.12e+01   1.67e-01   1.88e+00  7.63e+16        1    5.43e-01    1.56e+01
  28  2.102271e+05    1.11e+00    5.38e+01   1.45e-01   1.92e+00  2.29e+17        1    5.44e-01    1.61e+01
  29  2.102262e+05    9.55e-01    4.74e+01   1.33e-01   1.93e+00  6.86e+17        1    5.43e-01    1.67e+01
  30  2.102253e+05    8.49e-01    4.36e+01   1.26e-01   1.95e+00  2.06e+18        1    5.45e-01    1.72e+01
  31  2.102246e+05    7.60e-01    4.37e+01   1.20e-01   1.94e+00  6.18e+18        1    5.44e-01    1.77e+01
  32  2.102239e+05    6.85e-01    4.37e+01   1.15e-01   1.95e+00  1.85e+19        1    5.44e-01    1.83e+01
  33  2.102233e+05    6.15e-01    4.37e+01   1.09e-01   1.95e+00  5.56e+19        1    5.45e-01    1.88e+01
  34  2.102227e+05    5.53e-01    4.38e+01   1.04e-01   1.95e+00  1.00e+20        1    5.43e-01    1.94e+01
  35  2.102222e+05    5.04e-01    4.38e+01   9.89e-02   1.96e+00  1.00e+20        1    5.42e-01    1.99e+01
  36  2.102217e+05    4.58e-01    4.38e+01   9.43e-02   1.96e+00  1.00e+20        1    5.44e-01    2.05e+01
  37  2.102213e+05    4.17e-01    4.39e+01   9.00e-02   1.96e+00  1.00e+20        1    5.45e-01    2.10e+01
  38  2.102209e+05    3.80e-01    4.39e+01   8.60e-02   1.96e+00  1.00e+20        1    5.43e-01    2.16e+01
  39  2.102206e+05    3.49e-01    4.39e+01   8.23e-02   1.96e+00  1.00e+20        1    5.81e-01    2.21e+01
  40  2.102203e+05    3.22e-01    4.39e+01   7.90e-02   1.97e+00  1.00e+20        1    5.73e-01    2.27e+01
  41  2.102200e+05    2.96e-01    4.40e+01   7.61e-02   1.96e+00  1.00e+20        1    5.76e-01    2.33e+01
  42  2.102197e+05    2.72e-01    4.40e+01   7.34e-02   1.97e+00  1.00e+20        1    5.43e-01    2.38e+01
  43  2.102194e+05    2.53e-01    4.40e+01   7.10e-02   1.97e+00  1.00e+20        1    5.42e-01    2.44e+01
  44  2.102192e+05    2.34e-01    4.41e+01   6.88e-02   1.96e+00  1.00e+20        1    5.43e-01    2.49e+01
  45  2.102190e+05    2.16e-01    4.41e+01   6.69e-02   1.97e+00  1.00e+20        1    5.43e-01    2.55e+01
  46  2.102188e+05    2.01e-01    4.41e+01   6.51e-02   1.96e+00  1.00e+20        1    5.74e-01    2.60e+01
  47  2.102186e+05    1.82e-01    4.42e+01   6.24e-02   1.96e+00  1.00e+20        1    5.74e-01    2.66e+01
  48  2.102184e+05    1.71e-01    3.27e+01   5.99e-02   1.98e+00  1.00e+20        1    5.44e-01    2.72e+01
  49  2.102183e+05    1.61e-01    1.71e+01   5.89e-02   1.97e+00  1.00e+20        1    5.44e-01    2.77e+01
  50  2.102181e+05    1.52e-01    1.69e+01   5.81e-02   1.98e+00  1.00e+20        1    5.43e-01    2.83e+01
  51  2.102180e+05    1.39e-01    1.67e+01   5.72e-02   1.90e+00  1.00e+20        1    5.47e-01    2.88e+01
  52  2.102179e+05    1.21e-01    1.65e+01   5.54e-02   1.97e+00  1.00e+20        1    5.47e-01    2.94e+01
  53  2.102178e+05    1.15e-01    1.63e+01   5.46e-02   1.97e+00  1.00e+20        1    5.44e-01    2.99e+01
  54  2.102177e+05    1.06e-01    1.61e+01   5.39e-02   1.96e+00  1.00e+20        1    5.43e-01    3.04e+01
  55  2.102175e+05    1.01e-01    1.59e+01   5.31e-02   1.98e+00  1.00e+20        1    5.43e-01    3.10e+01
  56  2.102175e+05    9.66e-02    1.57e+01   5.24e-02   1.98e+00  1.00e+20        1    5.73e-01    3.16e+01
  57  2.102174e+05    9.29e-02    1.56e+01   5.16e-02   1.98e+00  1.00e+20        1    5.43e-01    3.21e+01
  58  2.102173e+05    8.92e-02    1.54e+01   5.08e-02   1.98e+00  1.00e+20        1    5.47e-01    3.27e+01
  59  2.102172e+05    8.58e-02    1.52e+01   5.00e-02   1.98e+00  1.00e+20        1    5.44e-01    3.32e+01
  60  2.102171e+05    8.24e-02    1.50e+01   4.93e-02   1.98e+00  1.00e+20        1    5.46e-01    3.37e+01
  61  2.102170e+05    7.83e-02    1.48e+01   4.85e-02   1.96e+00  1.00e+20        1    5.53e-01    3.43e+01
  62  2.102170e+05    6.96e-02    1.46e+01   4.25e-02   1.95e+00  1.00e+20        1    5.42e-01    3.48e+01
  63  2.102169e+05    6.53e-02    1.44e+01   3.59e-02   1.98e+00  1.00e+20        1    5.44e-01    3.54e+01
  64  2.102168e+05    6.27e-02    1.42e+01   3.43e-02   1.98e+00  1.00e+20        1    5.75e-01    3.60e+01
  65  2.102168e+05    6.02e-02    1.40e+01   3.35e-02   1.98e+00  1.00e+20        1    5.44e-01    3.65e+01
  66  2.102167e+05    5.79e-02    1.38e+01   3.29e-02   1.98e+00  1.00e+20        1    5.44e-01    3.71e+01
  67  2.102167e+05    5.56e-02    1.36e+01   3.22e-02   1.98e+00  1.00e+20        1    5.74e-01    3.76e+01
  68  2.102166e+05    5.34e-02    1.34e+01   3.16e-02   1.98e+00  1.00e+20        1    5.51e-01    3.82e+01
  69  2.102165e+05    5.13e-02    1.32e+01   3.10e-02   1.98e+00  1.00e+20        1    5.45e-01    3.87e+01
  70  2.102165e+05    4.92e-02    1.30e+01   3.04e-02   1.98e+00  1.00e+20        1    5.50e-01    3.93e+01
  71  2.102165e+05    4.73e-02    1.28e+01   2.99e-02   1.98e+00  1.00e+20        1    5.76e-01    3.99e+01
  72  2.102164e+05    4.54e-02    1.26e+01   2.93e-02   1.98e+00  1.00e+20        1    5.76e-01    4.04e+01
  73  2.102164e+05    4.36e-02    1.24e+01   2.87e-02   1.98e+00  1.00e+20        1    5.44e-01    4.10e+01
  74  2.102163e+05    4.18e-02    1.22e+01   2.82e-02   1.98e+00  1.00e+20        1    5.44e-01    4.15e+01
  75  2.102163e+05    4.02e-02    1.20e+01   2.76e-02   1.98e+00  1.00e+20        1    5.45e-01    4.21e+01
  76  2.102162e+05    3.86e-02    1.18e+01   2.71e-02   1.98e+00  1.00e+20        1    5.43e-01    4.26e+01
  77  2.102162e+05    3.70e-02    1.16e+01   2.65e-02   1.98e+00  1.00e+20        1    5.44e-01    4.32e+01
  78  2.102162e+05    3.56e-02    1.15e+01   2.60e-02   1.98e+00  1.00e+20        1    5.44e-01    4.37e+01
  79  2.102161e+05    3.42e-02    1.13e+01   2.55e-02   1.98e+00  1.00e+20        1    5.44e-01    4.43e+01
  80  2.102161e+05    3.28e-02    1.11e+01   2.50e-02   1.98e+00  1.00e+20        1    5.43e-01    4.48e+01
  81  2.102161e+05    3.15e-02    1.09e+01   2.45e-02   1.98e+00  1.00e+20        1    5.44e-01    4.53e+01
  82  2.102160e+05    3.02e-02    9.54e+00   2.40e-02   1.98e+00  1.00e+20        1    5.45e-01    4.59e+01
  83  2.102160e+05    2.87e-02    8.57e+00   2.35e-02   1.97e+00  1.00e+20        1    5.73e-01    4.65e+01
  84  2.102160e+05    2.73e-02    8.12e+00   2.30e-02   1.98e+00  1.00e+20        1    5.88e-01    4.71e+01
  85  2.102160e+05    2.61e-02    7.94e+00   2.25e-02   1.98e+00  1.00e+20        1    5.79e-01    4.76e+01
  86  2.102159e+05    2.41e-02    7.14e+00   2.21e-02   1.91e+00  1.00e+20        1    5.64e-01    4.82e+01
  87  2.102159e+05    2.04e-02    6.82e+00   2.13e-02   1.96e+00  1.00e+20        1    5.46e-01    4.87e+01
  88  2.102159e+05    1.94e-02    6.54e+00   2.08e-02   1.98e+00  1.00e+20        1    5.74e-01    4.93e+01
  89  2.102159e+05    1.87e-02    6.30e+00   2.04e-02   1.98e+00  1.00e+20        1    5.48e-01    4.99e+01
  90  2.102159e+05    1.81e-02    6.09e+00   2.00e-02   1.98e+00  1.00e+20        1    5.49e-01    5.04e+01
  91  2.102158e+05    1.75e-02    5.90e+00   1.96e-02   1.98e+00  1.00e+20        1    5.47e-01    5.10e+01
  92  2.102158e+05    1.69e-02    5.73e+00   1.92e-02   1.98e+00  1.00e+20        1    5.43e-01    5.15e+01
  93  2.102158e+05    1.63e-02    5.57e+00   1.88e-02   1.98e+00  1.00e+20        1    5.44e-01    5.21e+01
  94  2.102158e+05    1.58e-02    5.44e+00   1.85e-02   1.98e+00  1.00e+20        1    5.45e-01    5.26e+01
  95  2.102158e+05    1.52e-02    5.31e+00   1.81e-02   1.98e+00  1.00e+20        1    5.45e-01    5.32e+01
  96  2.102158e+05    1.47e-02    5.19e+00   1.77e-02   1.98e+00  1.00e+20        1    5.47e-01    5.37e+01
  97  2.102157e+05    1.42e-02    5.08e+00   1.74e-02   1.98e+00  1.00e+20        1    5.45e-01    5.42e+01
  98  2.102157e+05    1.38e-02    5.02e+00   1.70e-02   1.98e+00  1.00e+20        1    5.45e-01    5.48e+01
  99  2.102157e+05    1.33e-02    4.97e+00   1.66e-02   1.98e+00  1.00e+20        1    5.44e-01    5.53e+01
 100  2.102157e+05    1.29e-02    4.93e+00   1.63e-02   1.98e+00  1.00e+20        1    5.44e-01    5.59e+01
 101  2.102157e+05    1.24e-02    4.88e+00   1.60e-02   1.98e+00  1.00e+20        1    5.46e-01    5.64e+01
 102  2.102157e+05    1.20e-02    4.84e+00   1.56e-02   1.98e+00  1.00e+20        1    5.46e-01    5.70e+01
 103  2.102157e+05    1.15e-02    4.80e+00   1.53e-02   1.98e+00  1.00e+20        1    5.45e-01    5.75e+01
 104  2.102157e+05    1.11e-02    4.76e+00   1.50e-02   1.98e+00  1.00e+20        1    5.48e-01    5.81e+01
 105  2.102156e+05    1.06e-02    4.72e+00   1.47e-02   1.98e+00  1.00e+20        1    5.45e-01    5.86e+01
 106  2.102156e+05    1.03e-02    4.68e+00   1.44e-02   1.98e+00  1.00e+20        1    5.45e-01    5.92e+01
 107  2.102156e+05    9.89e-03    4.65e+00   1.41e-02   1.98e+00  1.00e+20        1    5.43e-01    5.97e+01
 108  2.102156e+05    9.55e-03    4.61e+00   1.38e-02   1.98e+00  1.00e+20        1    5.47e-01    6.03e+01
 109  2.102156e+05    9.23e-03    4.58e+00   1.35e-02   1.98e+00  1.00e+20        1    5.46e-01    6.08e+01
 110  2.102156e+05    8.91e-03    4.54e+00   1.32e-02   1.98e+00  1.00e+20        1    5.44e-01    6.13e+01
 111  2.102156e+05    8.61e-03    4.51e+00   1.29e-02   1.98e+00  1.00e+20        1    5.43e-01    6.19e+01
 112  2.102156e+05    8.32e-03    4.48e+00   1.27e-02   1.98e+00  1.00e+20        1    5.43e-01    6.24e+01
 113  2.102156e+05    7.74e-03    3.71e+00   1.24e-02   1.91e+00  1.00e+20        1    5.44e-01    6.30e+01
 114  2.102156e+05    6.89e-03    3.64e+00   1.21e-02   1.97e+00  1.00e+20        1    5.44e-01    6.35e+01
 115  2.102156e+05    6.60e-03    3.56e+00   1.18e-02   1.98e+00  1.00e+20        1    5.46e-01    6.41e+01
 116  2.102156e+05    6.36e-03    3.49e+00   1.15e-02   1.98e+00  1.00e+20        1    5.49e-01    6.46e+01
 117  2.102156e+05    6.12e-03    3.42e+00   1.13e-02   1.98e+00  1.00e+20        1    5.47e-01    6.52e+01
 118  2.102155e+05    5.90e-03    3.35e+00   1.11e-02   1.98e+00  1.00e+20        1    5.46e-01    6.57e+01
 119  2.102155e+05    5.68e-03    3.28e+00   1.08e-02   1.98e+00  1.00e+20        1    5.46e-01    6.63e+01
 120  2.102155e+05    5.47e-03    3.21e+00   1.06e-02   1.98e+00  1.00e+20        1    5.45e-01    6.68e+01
 121  2.102155e+05    5.27e-03    3.14e+00   1.04e-02   1.98e+00  1.00e+20        1    5.45e-01    6.74e+01
 122  2.102155e+05    5.08e-03    3.07e+00   1.01e-02   1.98e+00  1.00e+20        1    5.42e-01    6.79e+01
 123  2.102155e+05    4.89e-03    3.01e+00   9.93e-03   1.98e+00  1.00e+20        1    5.42e-01    6.85e+01
 124  2.102155e+05    4.71e-03    2.94e+00   9.72e-03   1.98e+00  1.00e+20        1    5.41e-01    6.90e+01
 125  2.102155e+05    4.54e-03    2.87e+00   9.51e-03   1.98e+00  1.00e+20        1    5.42e-01    6.95e+01
 126  2.102155e+05    4.37e-03    2.81e+00   9.31e-03   1.98e+00  1.00e+20        1    5.41e-01    7.01e+01
 127  2.102155e+05    4.21e-03    2.79e+00   9.11e-03   1.98e+00  1.00e+20        1    5.45e-01    7.06e+01
 128  2.102155e+05    4.06e-03    2.76e+00   8.92e-03   1.98e+00  1.00e+20        1    5.41e-01    7.12e+01
 129  2.102155e+05    3.91e-03    2.74e+00   8.73e-03   1.98e+00  1.00e+20        1    5.42e-01    7.17e+01
 130  2.102155e+05    3.77e-03    2.72e+00   8.54e-03   1.98e+00  1.00e+20        1    5.41e-01    7.23e+01
 131  2.102155e+05    3.63e-03    2.69e+00   8.36e-03   1.98e+00  1.00e+20        1    5.43e-01    7.28e+01
 132  2.102155e+05    3.49e-03    2.67e+00   8.18e-03   1.98e+00  1.00e+20        1    5.41e-01    7.33e+01
 133  2.102155e+05    3.37e-03    2.65e+00   8.00e-03   1.98e+00  1.00e+20        1    5.44e-01    7.39e+01
 134  2.102155e+05    3.24e-03    2.62e+00   7.83e-03   1.98e+00  1.00e+20        1    5.41e-01    7.44e+01
 135  2.102155e+05    3.12e-03    2.60e+00   7.67e-03   1.98e+00  1.00e+20        1    5.41e-01    7.50e+01
 136  2.102155e+05    3.01e-03    2.58e+00   7.50e-03   1.98e+00  1.00e+20        1    5.44e-01    7.55e+01
 137  2.102155e+05    2.90e-03    2.56e+00   7.34e-03   1.98e+00  1.00e+20        1    5.73e-01    7.61e+01
 138  2.102155e+05    2.79e-03    2.54e+00   7.18e-03   1.98e+00  1.00e+20        1    5.73e-01    7.67e+01
 139  2.102155e+05    2.69e-03    2.52e+00   7.03e-03   1.98e+00  1.00e+20        1    5.74e-01    7.72e+01
 140  2.102155e+05    2.59e-03    2.50e+00   6.88e-03   1.98e+00  1.00e+20        1    5.71e-01    7.78e+01
 141  2.102155e+05    2.50e-03    2.47e+00   6.73e-03   1.98e+00  1.00e+20        1    5.76e-01    7.84e+01
 142  2.102155e+05    2.41e-03    2.45e+00   6.58e-03   1.98e+00  1.00e+20        1    5.43e-01    7.89e+01
 143  2.102155e+05    2.32e-03    2.43e+00   6.44e-03   1.98e+00  1.00e+20        1    5.42e-01    7.95e+01
 144  2.102154e+05    2.20e-03    2.41e+00   6.30e-03   1.95e+00  1.00e+20        1    5.43e-01    8.00e+01
 145  2.102154e+05    1.97e-03    2.40e+00   5.72e-03   1.95e+00  1.00e+20        1    5.48e-01    8.06e+01
 146  2.102154e+05    1.80e-03    2.38e+00   5.22e-03   1.96e+00  1.00e+20        1    5.42e-01    8.11e+01
 147  2.102154e+05    1.67e-03    2.36e+00   4.86e-03   1.96e+00  1.00e+20        1    5.43e-01    8.17e+01
 148  2.102154e+05    1.55e-03    2.34e+00   4.56e-03   1.96e+00  1.00e+20        1    5.45e-01    8.22e+01
 149  2.102154e+05    1.44e-03    2.32e+00   4.29e-03   1.97e+00  1.00e+20        1    5.42e-01    8.27e+01
 150  2.102154e+05    1.34e-03    2.30e+00   4.04e-03   1.97e+00  1.00e+20        1    5.42e-01    8.33e+01
 151  2.102154e+05    1.26e-03    2.28e+00   3.80e-03   1.97e+00  1.00e+20        1    5.43e-01    8.38e+01
 152  2.102154e+05    1.18e-03    2.26e+00   3.58e-03   1.97e+00  1.00e+20        1    5.44e-01    8.44e+01
 153  2.102154e+05    1.11e-03    2.25e+00   3.38e-03   1.97e+00  1.00e+20        1    5.44e-01    8.49e+01
 154  2.102154e+05    1.05e-03    2.23e+00   3.19e-03   1.97e+00  1.00e+20        1    5.44e-01    8.55e+01
 155  2.102154e+05    9.95e-04    2.21e+00   3.02e-03   1.98e+00  1.00e+20        1    5.42e-01    8.60e+01
 156  2.102154e+05    9.44e-04    2.19e+00   2.86e-03   1.98e+00  1.00e+20        1    5.42e-01    8.66e+01
 157  2.102154e+05    8.99e-04    2.18e+00   2.70e-03   1.98e+00  1.00e+20        1    5.43e-01    8.71e+01
 158  2.102154e+05    8.57e-04    2.16e+00   2.56e-03   1.98e+00  1.00e+20        1    5.43e-01    8.76e+01
 159  2.102154e+05    8.19e-04    2.14e+00   2.43e-03   1.98e+00  1.00e+20        1    5.74e-01    8.82e+01
 160  2.102154e+05    7.84e-04    2.13e+00   2.31e-03   1.98e+00  1.00e+20        1    5.46e-01    8.88e+01
 161  2.102154e+05    7.52e-04    2.11e+00   2.19e-03   1.98e+00  1.00e+20        1    5.48e-01    8.93e+01
 162  2.102154e+05    7.22e-04    2.09e+00   2.09e-03   1.98e+00  1.00e+20        1    5.53e-01    8.99e+01
 163  2.102154e+05    6.95e-04    2.08e+00   1.99e-03   1.98e+00  1.00e+20        1    5.42e-01    9.04e+01
 164  2.102154e+05    6.70e-04    2.06e+00   1.89e-03   1.99e+00  1.00e+20        1    5.42e-01    9.10e+01
 165  2.102154e+05    6.46e-04    2.05e+00   1.81e-03   1.99e+00  1.00e+20        1    5.43e-01    9.15e+01
 166  2.102154e+05    6.24e-04    2.03e+00   1.73e-03   1.99e+00  1.00e+20        1    5.42e-01    9.21e+01
 167  2.102154e+05    6.04e-04    2.02e+00   1.65e-03   1.99e+00  1.00e+20        1    5.41e-01    9.26e+01
 168  2.102154e+05    5.85e-04    2.00e+00   1.58e-03   1.99e+00  1.00e+20        1    5.42e-01    9.31e+01
 169  2.102154e+05    5.67e-04    1.99e+00   1.52e-03   1.99e+00  1.00e+20        1    5.42e-01    9.37e+01
 170  2.102154e+05    5.50e-04    1.97e+00   1.45e-03   1.99e+00  1.00e+20        1    5.52e-01    9.42e+01
 171  2.102154e+05    5.34e-04    1.96e+00   1.40e-03   1.99e+00  1.00e+20        1    5.45e-01    9.48e+01
 172  2.102154e+05    5.19e-04    1.94e+00   1.34e-03   1.99e+00  1.00e+20        1    5.49e-01    9.53e+01
 173  2.102154e+05    5.05e-04    1.93e+00   1.29e-03   1.99e+00  1.00e+20        1    5.44e-01    9.59e+01
 174  2.102154e+05    4.92e-04    1.91e+00   1.25e-03   1.99e+00  1.00e+20        1    5.44e-01    9.64e+01
 175  2.102154e+05    4.79e-04    1.90e+00   1.20e-03   1.99e+00  1.00e+20        1    5.44e-01    9.70e+01
 176  2.102154e+05    4.67e-04    1.89e+00   1.16e-03   1.99e+00  1.00e+20        1    5.43e-01    9.75e+01
 177  2.102154e+05    4.55e-04    1.87e+00   1.12e-03   1.99e+00  1.00e+20        1    5.71e-01    9.81e+01
 178  2.102154e+05    4.44e-04    1.86e+00   1.09e-03   1.99e+00  1.00e+20        1    5.72e-01    9.87e+01
 179  2.102154e+05    4.34e-04    1.85e+00   1.05e-03   1.99e+00  1.00e+20        1    5.73e-01    9.92e+01
 180  2.102154e+05    4.24e-04    1.83e+00   1.02e-03   1.99e+00  1.00e+20        1    5.72e-01    9.98e+01
 181  2.102154e+05    4.14e-04    1.82e+00   9.89e-04   1.99e+00  1.00e+20        1    5.75e-01    1.00e+02
 182  2.102154e+05    4.05e-04    1.81e+00   9.61e-04   1.99e+00  1.00e+20        1    5.43e-01    1.01e+02
 183  2.102154e+05    3.96e-04    1.79e+00   9.34e-04   1.99e+00  1.00e+20        1    5.43e-01    1.01e+02
 184  2.102154e+05    3.88e-04    1.78e+00   9.08e-04   1.99e+00  1.00e+20        1    5.84e-01    1.02e+02
 185  2.102154e+05    3.79e-04    1.77e+00   8.84e-04   1.99e+00  1.00e+20        1    5.45e-01    1.03e+02
 186  2.102154e+05    3.72e-04    1.76e+00   8.62e-04   1.99e+00  1.00e+20        1    5.48e-01    1.03e+02
 187  2.102154e+05    3.64e-04    1.74e+00   8.40e-04   1.99e+00  1.00e+20        1    5.77e-01    1.04e+02
 188  2.102154e+05    3.57e-04    1.73e+00   8.20e-04   1.99e+00  1.00e+20        1    5.44e-01    1.04e+02
 189  2.102154e+05    3.50e-04    1.72e+00   8.01e-04   1.99e+00  1.00e+20        1    5.73e-01    1.05e+02
 190  2.102154e+05    3.43e-04    1.71e+00   7.82e-04   1.99e+00  1.00e+20        1    5.43e-01    1.05e+02
 191  2.102154e+05    3.36e-04    1.69e+00   7.65e-04   1.99e+00  1.00e+20        1    5.79e-01    1.06e+02
 192  2.102154e+05    3.30e-04    1.68e+00   7.48e-04   1.99e+00  1.00e+20        1    5.82e-01    1.07e+02
 193  2.102154e+05    3.24e-04    1.67e+00   7.33e-04   2.00e+00  1.00e+20        1    5.76e-01    1.07e+02
 194  2.102154e+05    3.18e-04    1.66e+00   7.18e-04   2.00e+00  1.00e+20        1    5.46e-01    1.08e+02
 195  2.102154e+05    3.12e-04    1.65e+00   7.04e-04   2.00e+00  1.00e+20        1    5.43e-01    1.08e+02
 196  2.102154e+05    3.07e-04    1.64e+00   6.90e-04   2.00e+00  1.00e+20        1    5.41e-01    1.09e+02
 197  2.102154e+05    3.02e-04    1.62e+00   6.77e-04   2.00e+00  1.00e+20        1    5.41e-01    1.09e+02
 198  2.102154e+05    2.97e-04    1.61e+00   6.65e-04   2.00e+00  1.00e+20        1    5.41e-01    1.10e+02
 199  2.102154e+05    2.92e-04    1.60e+00   6.53e-04   2.00e+00  1.00e+20        1    5.40e-01    1.10e+02
 200  2.102154e+05    2.87e-04    1.59e+00   6.42e-04   2.00e+00  1.00e+20        1    5.41e-01    1.11e+02
