   0  8.013857e+04    0.00e+00    1.15e+05   0.00e+00   0.00e+00  1.00e+04        0    2.13e-01    2.41e-01
   1  8.013857e+04   -9.01e+03    0.00e+00   1.90e+01  -5.85e-01  5.00e+03        1    3.75e-02    2.78e-01
   2  8.013857e+04   -8.87e+03    0.00e+00   1.90e+01  -5.77e-01  1.25e+03        1    3.12e-02    3.10e-01
   3  8.013857e+04   -8.11e+03    0.00e+00   1.90e+01  -5.27e-01  1.56e+02        1    3.11e-02    3.41e-01
   4  8.013857e+04   -2.90e+03    0.00e+00   1.90e+01  -1.89e-01  9.77e+00        1    3.20e-02    3.73e-01
   5  7.188550e+04    8.25e+03    4.77e+04   1.90e+01   5.62e-01  9.78e+00        1    2.42e-01    6.14e-01
   6  5.765148e+04    1.42e+04    2.50e+04   9.41e-02   1.34e+00  2.94e+01        1    2.43e-01    8.57e-01
   7  5.551868e+04    2.13e+03    1.42e+04   7.92e-02   1.29e+00  8.81e+01        1    2.42e-01    1.10e+00
   8  5.500826e+04    5.10e+02    9.04e+03   6.63e-02   1.35e+00  2.64e+02        1    2.46e-01    1.34e+00
   9  5.487197e+04    1.36e+02    6.21e+03   3.84e-02   1.46e+00  7.93e+02        1    2.45e-01    1.59e+00
  10  5.482950e+04    4.25e+01    4.42e+03   1.89e-02   1.59e+00  2.38e+03        1    2.45e-01    1.83e+00
  11  5.481209e+04    1.74e+01    3.21e+03   1.08e-02   1.68e+00  7.13e+03        1    2.44e-01    2.08e+00
  12  5.480349e+04    8.60e+00    2.35e+03   7.26e-03   1.73e+00  2.14e+04        1    2.45e-01    2.32e+00
  13  5.479863e+04    4.86e+00    1.74e+03   5.19e-03   1.78e+00  6.42e+04        1    2.44e-01    2.57e+00
  14  5.479546e+04    3.17e+00    1.70e+03   3.81e-03   1.84e+00  1.93e+05        1    2.45e-01    2.81e+00
  15  5.479302e+04    2.44e+00    1.73e+03   2.85e-03   1.91e+00  5.78e+05        1    2.44e-01    3.06e+00
  16  5.479085e+04    2.17e+00    1.77e+03   2.19e-03   1.96e+00  1.73e+06        1    2.44e-01    3.30e+00
  17  5.478871e+04    2.14e+00    1.82e+03   1.76e-03   2.00e+00  5.20e+06        1    2.44e-01    3.54e+00
  18  5.478651e+04    2.20e+00    1.92e+03   1.51e-03   2.01e+00  1.56e+07        1    2.43e-01    3.79e+00
  19  5.478427e+04    2.24e+00    1.98e+03   1.37e-03   2.00e+00  4.68e+07        1    2.44e-01    4.03e+00
  20  5.478211e+04    2.15e+00    1.96e+03   1.26e-03   1.97e+00  1.40e+08        1    2.45e-01    4.28e+00
  21  5.478023e+04    1.89e+00    1.81e+03   1.15e-03   1.92e+00  4.21e+08        1    2.43e-01    4.52e+00
  22  5.477878e+04    1.45e+00    1.54e+03   9.93e-04   1.86e+00  1.26e+09        1    2.44e-01    4.76e+00
  23  5.477782e+04    9.58e-01    1.20e+03   8.02e-04   1.79e+00  3.79e+09        1    2.45e-01    5.01e+00
  24  5.477728e+04    5.40e-01    8.65e+02   6.02e-04   1.73e+00  1.14e+10        1    2.44e-01    5.25e+00
  25  5.477701e+04    2.64e-01    5.80e+02   4.22e-04   1.68e+00  3.41e+10        1    2.49e-01    5.50e+00
  26  5.477690e+04    1.16e-01    3.71e+02   2.81e-04   1.65e+00  1.02e+11        1    2.46e-01    5.75e+00
