   0  4.938218e+08    0.00e+00    1.06e+06   0.00e+00   0.00e+00  1.00e+04        0    1.04e-01    1.70e-01
   1  4.938218e+08   -6.17e+09    0.00e+00   1.44e+03  -1.53e+01  5.00e+03        1    7.16e-02    2.41e-01
   2  4.938218e+08   -6.12e+09    0.00e+00   1.26e+03  -1.52e+01  1.25e+03        1    5.70e-02    2.98e-01
   3  4.938218e+08   -5.88e+09    0.00e+00   9.81e+02  -1.46e+01  1.56e+02        1    5.65e-02    3.55e-01
   4  4.938218e+08   -3.40e+09    0.00e+00   6.47e+02  -8.67e+00  9.77e+00        1    5.36e-02    4.09e-01
   5  4.938218e+08   -1.84e+08    0.00e+00   2.20e+02  -6.58e-01  3.05e-01        1    5.41e-02    4.63e-01
   6  4.938218e+08   -6.65e+06    0.00e+00   2.07e+01  -1.03e-01  4.77e-03        1    5.37e-02    5.17e-01
   7  4.938154e+08    6.32e+03    1.05e+06   1.90e+01   4.20e-03  2.41e-03        1    1.44e-01    6.61e-01
   8  4.930503e+08    7.65e+05    1.05e+06   2.07e-02   1.00e+00  7.24e-03        1    1.41e-01    8.02e-01
   9  4.907857e+08    2.26e+06    1.04e+06   6.24e-02   1.00e+00  2.17e-02        1    1.42e-01    9.45e-01
  10  4.842414e+08    6.54e+06    1.00e+06   2.09e-01   1.00e+00  6.52e-02        1    1.42e-01    1.09e+00
  11  4.663676e+08    1.79e+07    9.16e+05   1.02e+00   1.00e+00  1.96e-01        1    1.42e-01    1.23e+00
  12  4.239625e+08    4.24e+07    7.32e+05   6.21e+00   1.00e+00  5.87e-01        1    1.43e-01    1.37e+00
  13  3.526141e+08    7.13e+07    4.85e+05   3.16e+01   1.00e+00  1.76e+00        1    1.43e-01    1.51e+00
  14  2.692143e+08    8.34e+07    3.29e+05   3.72e+02   1.00e+00  5.28e+00        1    1.44e-01    1.66e+00
  15  1.864864e+08    8.27e+07    1.78e+05   1.45e+03   9.99e-01  1.58e+01        1    1.44e-01    1.80e+00
  16  1.201245e+08    6.64e+07    2.43e+05   2.77e+03   9.96e-01  4.75e+01        1    1.44e-01    1.95e+00
  17  8.354183e+07    3.66e+07    1.26e+05   3.45e+03   9.94e-01  1.43e+02        1    1.43e-01    2.09e+00
  18  7.082888e+07    1.27e+07    1.79e+05   7.45e+03   9.92e-01  4.28e+02        1    1.44e-01    2.23e+00
  19  6.897121e+07    1.86e+06    3.27e+05   8.35e+03   1.00e+00  1.28e+03        1    1.44e-01    2.38e+00
  20  6.885400e+07    1.17e+05    3.18e+05   1.39e+04   1.13e+00  3.85e+03        1    1.43e-01    2.52e+00
  21  6.882994e+07    2.41e+04    6.54e+05   3.09e+04   1.46e+00  1.15e+04        1    1.43e-01    2.66e+00
  22  6.881708e+07    1.29e+04    1.49e+06   2.25e+04   1.47e+00  3.46e+04        1    1.45e-01    2.81e+00
  23  6.881036e+07    6.72e+03    5.15e+05   3.70e+04   1.21e+00  1.04e+05        1    1.43e-01    2.95e+00
  24  6.880564e+07    4.71e+03    2.47e+05   1.09e+05   1.13e+00  3.12e+05        1    1.48e-01    3.10e+00
  25  6.880265e+07    3.00e+03    2.08e+05   7.72e+04   1.06e+00  9.35e+05        1    1.44e-01    3.24e+00
  26  6.880036e+07    2.28e+03    1.77e+05   2.22e+05   1.20e+00  2.81e+06        1    1.44e-01    3.39e+00
  27  6.879881e+07    1.55e+03    1.63e+05   4.39e+05   1.26e+00  8.42e+06        1    1.42e-01    3.53e+00
  28  6.879771e+07    1.10e+03    8.05e+05   1.34e+05   1.30e+00  2.53e+07        1    1.43e-01    3.67e+00
  29  6.879681e+07    8.97e+02    5.73e+05   8.21e+05   1.39e+00  7.58e+07        1    1.43e-01    3.82e+00
  30  6.879612e+07    6.96e+02    3.59e+06   7.25e+05   1.39e+00  2.27e+08        1    1.43e-01    3.96e+00
  31  6.879562e+07    4.93e+02    7.57e+06   3.19e+06   1.22e+00  6.82e+08        1    1.43e-01    4.10e+00
  32  6.879511e+07    5.09e+02    1.07e+07   7.43e+05   1.45e+00  2.05e+09        1    1.42e-01    4.24e+00
  33  6.879468e+07    4.38e+02    9.58e+07   1.04e+07   1.42e+00  6.14e+09        1    1.43e-01    4.39e+00
