   1  3.288118e+08   -1.94e+09    0.00e+00   1.50e+03  -7.07e+00  5.00e+03        1    4.41e-02    1.67e-01
   2  3.288118e+08   -1.70e+09    0.00e+00   1.24e+03  -6.19e+00  1.25e+03        1    3.26e-02    1.99e-01
   3  3.288118e+08   -1.49e+09    0.00e+00   9.01e+02  -5.43e+00  1.56e+02        1    3.35e-02    2.33e-01
   4  3.288118e+08   -7.26e+08    0.00e+00   6.61e+02  -2.67e+00  9.77e+00        1    3.33e-02    2.66e-01
   5  2.445031e+08    8.43e+07    7.95e+05   2.82e+02   4.24e-01  9.73e+00        1    9.41e-02    3.60e-01
   6  1.116121e+08    1.33e+08    6.47e+05   1.17e+03   8.28e-01  1.36e+01        1    9.49e-02    4.55e-01
   7  6.063567e+07    5.10e+07    2.88e+05   2.82e+03   1.00e+00  4.07e+01        1    9.39e-02    5.49e-01
   8  5.105868e+07    9.58e+06    3.92e+05   6.15e+03   9.97e-01  1.22e+02        1    9.40e-02    6.43e-01
   9  4.915528e+07    1.90e+06    1.26e+06   3.96e+03   1.00e+00  3.67e+02        1    9.53e-02    7.39e-01
  10  4.901097e+07    1.44e+05    1.16e+06   6.74e+03   1.03e+00  1.10e+03        1    9.58e-02    8.35e-01
  11  4.895230e+07    5.87e+04    2.72e+06   1.33e+04   1.05e+00  3.30e+03        1    9.44e-02    9.29e-01
  12  4.892247e+07    2.98e+04    3.15e+06   2.58e+04   1.08e+00  9.90e+03        1    9.70e-02    1.03e+00
  13  4.888010e+07    4.24e+04    4.80e+06   3.18e+04   1.03e+00  2.97e+04        1    9.73e-02    1.12e+00
  14  4.884364e+07    3.65e+04    2.40e+06   6.07e+04   1.02e+00  8.91e+04        1    9.87e-02    1.22e+00
  15  4.878330e+07    6.03e+04    6.16e+05   7.32e+04   9.79e-01  2.67e+05        1    9.50e-02    1.32e+00
  16  4.877306e+07    1.02e+04    5.12e+05   1.93e+05   9.96e-01  8.02e+05        1    9.53e-02    1.41e+00
  17  4.877065e+07    2.41e+03    2.44e+05   1.90e+05   1.03e+00  2.41e+06        1    9.33e-02    1.51e+00
  18  4.876886e+07    1.79e+03    2.26e+05   3.28e+05   1.23e+00  7.22e+06        1    9.42e-02    1.60e+00
  19  4.876735e+07    1.52e+03    1.87e+05   5.22e+05   1.53e+00  2.17e+07        1    9.30e-02    1.69e+00
  20  4.876634e+07    1.01e+03    1.56e+05   7.11e+05   1.35e+00  6.50e+07        1    9.36e-02    1.79e+00
  21  4.876547e+07    8.75e+02    5.42e+05   6.57e+05   1.41e+00  1.95e+08        1    9.31e-02    1.88e+00
  22  4.876492e+07    5.47e+02    1.08e+05   1.48e+06   1.01e+00  5.85e+08        1    9.46e-02    1.97e+00
  23  4.876414e+07    7.79e+02    3.33e+06   3.28e+06   1.64e+00  1.75e+09        1    9.46e-02    2.07e+00
  24  4.876353e+07    6.08e+02    1.06e+06   4.50e+06   1.49e+00  5.26e+09        1    9.43e-02    2.16e+00
  25  4.876293e+07    5.98e+02    1.83e+05   1.05e+07   1.58e+00  1.58e+10        1    9.39e-02    2.26e+00
  26  4.876257e+07    3.63e+02    5.16e+04   1.05e+07   1.10e+00  4.74e+10        1    9.44e-02    2.35e+00
  27  4.876202e+07    5.54e+02    4.29e+04   3.65e+07   1.88e+00  1.42e+11        1    9.34e-02    2.45e+00
  28  4.876158e+07    4.37e+02    3.56e+04   3.68e+07   1.74e+00  4.26e+11        1    9.38e-02    2.54e+00
  29  4.876129e+07    2.92e+02    2.95e+04   1.33e+07   1.38e+00  1.28e+12        1    9.40e-02    2.63e+00
  30  4.876099e+07    2.99e+02    2.45e+04   3.53e+07   1.57e+00  3.84e+12        1    9.34e-02    2.73e+00
  31  4.876074e+07    2.48e+02    2.03e+04   4.02e+07   1.53e+00  1.15e+13        1    9.28e-02    2.82e+00
  32  4.876055e+07    1.90e+02    1.74e+04   2.54e+08   1.24e+00  3.45e+13        1    9.32e-02    2.91e+00
  33  4.876033e+07    2.20e+02    1.67e+04   1.57e+08   1.53e+00  1.04e+14        1    9.40e-02    3.01e+00
  34  4.876013e+07    1.98e+02    1.51e+04   5.39e+08   1.52e+00  3.11e+14        1    9.30e-02    3.10e+00
  35  4.876000e+07    1.30e+02    1.37e+04   1.27e+09   1.10e+00  9.32e+14        1    9.62e-02    3.20e+00
  36  4.875982e+07    1.80e+02    1.34e+04   9.43e+07   1.54e+00  2.80e+15        1    9.64e-02    3.29e+00
  37  4.875982e+07    0.00e+00    1.34e+04   0.00e+00   0.00e+00  1.40e+15        1    2.53e-02    3.32e+00
  38  4.875966e+07    1.58e+02    1.44e+04   1.46e+08   1.50e+00  4.19e+15        1    9.79e-02    3.42e+00
  39  4.875966e+07    0.00e+00    1.44e+04   0.00e+00   0.00e+00  2.10e+15        1    2.27e-02    3.44e+00
