   1  1.043207e+05    1.64e+04    3.93e+06   1.01e+01   1.64e-01  7.67e+03        1    4.73e-01    9.23e-01
   2  5.473164e+04    4.96e+04    1.33e+06   2.78e+00   1.09e+00  2.30e+04        1    4.57e-01    1.38e+00
   3  3.188474e+04    2.28e+04    4.58e+05   1.96e+00   1.09e+00  6.91e+04        1    4.51e-01    1.83e+00
   4  2.095111e+04    1.09e+04    1.59e+05   1.71e+00   1.12e+00  2.07e+05        1    4.54e-01    2.28e+00
   5  1.603392e+04    4.92e+03    5.40e+04   1.63e+00   1.12e+00  6.22e+05        1    4.46e-01    2.73e+00
   6  1.391053e+04    2.12e+03    1.76e+04   1.12e+00   1.07e+00  1.86e+06        1    4.54e-01    3.18e+00
   7  1.299552e+04    9.15e+02    5.24e+03   1.04e+00   9.70e-01  5.59e+06        1    4.52e-01    3.64e+00
   8  1.258988e+04    4.06e+02    1.96e+03   1.48e+00   8.28e-01  7.78e+06        1    4.42e-01    4.08e+00
   9  1.240015e+04    1.90e+02    1.32e+03   3.86e+00   6.48e-01  7.99e+06        1    4.45e-01    4.52e+00
  10  1.232260e+04    7.76e+01    7.86e+02   2.62e+01   3.84e-01  7.89e+06        1    4.43e-01    4.97e+00
  11  1.230276e+04    1.98e+01    4.70e+02   6.71e+02   1.21e-01  5.50e+06        1    4.56e-01    5.43e+00
  12  1.229793e+04    4.83e+00    4.51e+02   1.13e+05   5.05e-02  3.18e+06        1    4.46e-01    5.88e+00
  13  1.229085e+04    7.08e+00    4.65e+02   7.59e+04   1.12e+00  9.55e+06        1    4.49e-01    6.32e+00
  14  1.228748e+04    3.36e+00    3.34e+02   1.07e+05   1.44e+00  2.87e+07        1    4.43e-01    6.77e+00
  15  1.228475e+04    2.73e+00    1.93e+02   1.47e+05   1.40e+00  8.60e+07        1    4.42e-01    7.21e+00
  16  1.228170e+04    3.04e+00    2.31e+02   2.06e+05   1.24e+00  2.58e+08        1    4.47e-01    7.66e+00
  17  1.227912e+04    2.59e+00    6.88e+02   2.90e+05   1.16e+00  7.74e+08        1    4.45e-01    8.10e+00
  18  1.227781e+04    1.31e+00    4.94e+02   4.14e+05   1.21e+00  2.32e+09        1    4.55e-01    8.56e+00
  19  1.227701e+04    8.05e-01    1.46e+02   5.95e+05   1.46e+00  6.96e+09        1    4.42e-01    9.00e+00
  20  1.227623e+04    7.74e-01    5.88e+01   8.57e+05   1.54e+00  2.09e+10        1    4.43e-01    9.44e+00
  21  1.227545e+04    7.80e-01    5.41e+01   1.23e+06   1.54e+00  6.27e+10        1    4.46e-01    9.90e+00
  22  1.227466e+04    7.90e-01    5.13e+01   1.77e+06   1.53e+00  1.88e+11        1    4.43e-01    1.03e+01
  23  1.227387e+04    7.94e-01    4.94e+01   2.55e+06   1.51e+00  5.64e+11        1    4.52e-01    1.08e+01
  24  1.227310e+04    7.73e-01    4.55e+01   3.67e+06   1.47e+00  1.69e+12        1    4.42e-01    1.12e+01
  25  1.227235e+04    7.45e-01    4.27e+01   5.28e+06   1.46e+00  5.08e+12        1    4.45e-01    1.17e+01
  26  1.227161e+04    7.40e-01    3.41e+01   7.60e+06   1.46e+00  1.52e+13        1    4.50e-01    1.21e+01
  27  1.227089e+04    7.28e-01    3.40e+01   1.09e+07   1.45e+00  4.57e+13        1    4.44e-01    1.26e+01
  28  1.227017e+04    7.16e-01    3.40e+01   1.57e+07   1.45e+00  1.37e+14        1    4.43e-01    1.30e+01
  29  1.226947e+04    7.00e-01    3.40e+01   2.26e+07   1.45e+00  4.11e+14        1    4.41e-01    1.35e+01
  30  1.226879e+04    6.78e-01    3.40e+01   3.26e+07   1.45e+00  1.23e+15        1    4.47e-01    1.39e+01
  31  1.226814e+04    6.53e-01    3.40e+01   4.69e+07   1.45e+00  3.70e+15        1    4.45e-01    1.44e+01
  32  1.226752e+04    6.21e-01    3.40e+01   6.75e+07   1.44e+00  1.11e+16        1    4.61e-01    1.48e+01
  33  1.226693e+04    5.87e-01    3.40e+01   9.72e+07   1.44e+00  3.33e+16        1    4.63e-01    1.53e+01
  34  1.226638e+04    5.54e-01    3.40e+01   1.40e+08   1.44e+00  9.99e+16        1    4.61e-01    1.57e+01
  35  1.226586e+04    5.17e-01    3.39e+01   2.02e+08   1.44e+00  3.00e+17        1    4.59e-01    1.62e+01
  36  1.226538e+04    4.84e-01    3.39e+01   2.90e+08   1.45e+00  8.99e+17        1    4.56e-01    1.67e+01
  37  1.226492e+04    4.54e-01    3.39e+01   4.18e+08   1.45e+00  2.70e+18        1    4.73e-01    1.71e+01
  38  1.226450e+04    4.24e-01    3.39e+01   6.02e+08   1.45e+00  8.09e+18        1    5.46e-01    1.77e+01
  39  1.226410e+04    3.93e-01    3.39e+01   8.68e+08   1.45e+00  2.43e+19        1    4.50e-01    1.81e+01
  40  1.226376e+04    3.49e-01    3.39e+01   1.25e+09   1.41e+00  7.28e+19        1    4.46e-01    1.86e+01
  41  1.226344e+04    3.13e-01    3.39e+01   1.80e+09   1.43e+00  1.00e+20        1    4.45e-01    1.90e+01
  42  1.226311e+04    3.33e-01    3.38e+01   1.19e+09   1.64e+00  1.00e+20        1    4.54e-01    1.95e+01
  43  1.226279e+04    3.17e-01    3.38e+01   8.20e+08   1.76e+00  1.00e+20        1    4.44e-01    1.99e+01
  44  1.226250e+04    2.90e-01    3.38e+01   6.57e+08   1.80e+00  1.00e+20        1    4.42e-01    2.04e+01
  45  1.226224e+04    2.60e-01    3.38e+01   5.58e+08   1.82e+00  1.00e+20        1    4.46e-01    2.08e+01
  46  1.226201e+04    2.33e-01    3.38e+01   4.91e+08   1.85e+00  1.00e+20        1    4.46e-01    2.13e+01
  47  1.226180e+04    2.12e-01    3.38e+01   4.41e+08   1.87e+00  1.00e+20        1    4.42e-01    2.17e+01
  48  1.226160e+04    1.93e-01    3.38e+01   4.03e+08   1.88e+00  1.00e+20        1    4.43e-01    2.21e+01
  49  1.226143e+04    1.76e-01    3.37e+01   3.72e+08   1.89e+00  1.00e+20        1    4.51e-01    2.26e+01
  50  1.226127e+04    1.61e-01    3.37e+01   3.46e+08   1.90e+00  1.00e+20        1    4.53e-01    2.30e+01
  51  1.226112e+04    1.47e-01    3.37e+01   3.25e+08   1.91e+00  1.00e+20        1    4.46e-01    2.35e+01
  52  1.226099e+04    1.35e-01    3.37e+01   3.06e+08   1.91e+00  1.00e+20        1    4.43e-01    2.39e+01
  53  1.226086e+04    1.24e-01    3.37e+01   2.90e+08   1.92e+00  1.00e+20        1    4.42e-01    2.44e+01
  54  1.226075e+04    1.15e-01    3.37e+01   2.76e+08   1.92e+00  1.00e+20        1    4.46e-01    2.48e+01
  55  1.226064e+04    1.06e-01    3.37e+01   2.64e+08   1.93e+00  1.00e+20        1    4.50e-01    2.53e+01
  56  1.226054e+04    9.87e-02    3.37e+01   2.53e+08   1.93e+00  1.00e+20        1    4.65e-01    2.57e+01
  57  1.226045e+04    9.19e-02    3.36e+01   2.43e+08   1.94e+00  1.00e+20        1    4.46e-01    2.62e+01
  58  1.226036e+04    8.58e-02    3.36e+01   2.34e+08   1.94e+00  1.00e+20        1    4.61e-01    2.67e+01
  59  1.226028e+04    8.04e-02    3.36e+01   2.25e+08   1.94e+00  1.00e+20        1    4.48e-01    2.71e+01
  60  1.226021e+04    7.55e-02    3.36e+01   2.18e+08   1.95e+00  1.00e+20        1    4.43e-01    2.75e+01
  61  1.226014e+04    7.11e-02    3.36e+01   2.11e+08   1.95e+00  1.00e+20        1    4.53e-01    2.80e+01
  62  1.226007e+04    6.71e-02    3.36e+01   2.05e+08   1.95e+00  1.00e+20        1    4.53e-01    2.85e+01
  63  1.226001e+04    6.34e-02    3.36e+01   1.99e+08   1.95e+00  1.00e+20        1    4.52e-01    2.89e+01
  64  1.225995e+04    5.81e-02    3.35e+01   1.93e+08   1.94e+00  1.00e+20        1    4.44e-01    2.94e+01
  65  1.225989e+04    5.42e-02    3.35e+01   1.88e+08   1.96e+00  1.00e+20        1    4.48e-01    2.98e+01
  66  1.225984e+04    5.15e-02    3.35e+01   1.83e+08   1.96e+00  1.00e+20        1    4.45e-01    3.02e+01
  67  1.225979e+04    4.90e-02    3.35e+01   1.79e+08   1.96e+00  1.00e+20        1    4.45e-01    3.07e+01
  68  1.225975e+04    4.68e-02    3.35e+01   1.74e+08   1.97e+00  1.00e+20        1    4.52e-01    3.11e+01
  69  1.225970e+04    4.48e-02    3.35e+01   1.70e+08   1.97e+00  1.00e+20        1    4.44e-01    3.16e+01
  70  1.225966e+04    4.29e-02    3.35e+01   1.67e+08   1.97e+00  1.00e+20        1    4.44e-01    3.20e+01
  71  1.225962e+04    4.12e-02    3.34e+01   1.63e+08   1.97e+00  1.00e+20        1    4.44e-01    3.25e+01
  72  1.225958e+04    3.96e-02    3.34e+01   1.60e+08   1.97e+00  1.00e+20        1    4.58e-01    3.29e+01
  73  1.225954e+04    3.81e-02    3.34e+01   1.56e+08   1.97e+00  1.00e+20        1    4.47e-01    3.34e+01
  74  1.225950e+04    3.67e-02    3.34e+01   1.53e+08   1.98e+00  1.00e+20        1    4.43e-01    3.38e+01
  75  1.225947e+04    3.55e-02    3.34e+01   1.50e+08   1.98e+00  1.00e+20        1    4.43e-01    3.43e+01
  76  1.225943e+04    3.43e-02    3.34e+01   1.48e+08   1.98e+00  1.00e+20        1    4.43e-01    3.47e+01
  77  1.225940e+04    3.31e-02    3.34e+01   1.45e+08   1.98e+00  1.00e+20        1    4.44e-01    3.52e+01
  78  1.225937e+04    3.21e-02    3.34e+01   1.43e+08   1.98e+00  1.00e+20        1    4.46e-01    3.56e+01
  79  1.225934e+04    3.11e-02    3.34e+01   1.40e+08   1.98e+00  1.00e+20        1    4.43e-01    3.60e+01
  80  1.225931e+04    3.02e-02    3.34e+01   1.38e+08   1.98e+00  1.00e+20        1    4.43e-01    3.65e+01
  81  1.225928e+04    2.93e-02    3.33e+01   1.36e+08   1.98e+00  1.00e+20        1    4.45e-01    3.69e+01
  82  1.225925e+04    2.85e-02    3.33e+01   1.33e+08   1.98e+00  1.00e+20        1    4.46e-01    3.74e+01
  83  1.225922e+04    2.66e-02    3.33e+01   1.31e+08   1.91e+00  1.00e+20        1    4.43e-01    3.78e+01
  84  1.225920e+04    2.44e-02    3.33e+01   1.29e+08   1.98e+00  1.00e+20        1    4.45e-01    3.83e+01
  85  1.225917e+04    2.35e-02    3.33e+01   1.27e+08   1.98e+00  1.00e+20        1    4.55e-01    3.87e+01
  86  1.225915e+04    2.29e-02    3.33e+01   1.26e+08   1.99e+00  1.00e+20        1    4.43e-01    3.92e+01
  87  1.225913e+04    2.22e-02    3.33e+01   1.24e+08   1.99e+00  1.00e+20        1    4.44e-01    3.96e+01
  88  1.225911e+04    2.16e-02    3.33e+01   1.22e+08   1.99e+00  1.00e+20        1    4.45e-01    4.01e+01
  89  1.225909e+04    2.11e-02    3.33e+01   1.21e+08   1.99e+00  1.00e+20        1    4.55e-01    4.05e+01
  90  1.225907e+04    2.05e-02    3.33e+01   1.19e+08   1.99e+00  1.00e+20        1    4.42e-01    4.10e+01
  91  1.225905e+04    2.00e-02    3.32e+01   1.17e+08   1.99e+00  1.00e+20        1    4.44e-01    4.14e+01
  92  1.225903e+04    1.95e-02    3.32e+01   1.16e+08   1.99e+00  1.00e+20        1    4.41e-01    4.19e+01
  93  1.225901e+04    1.90e-02    3.32e+01   1.14e+08   1.99e+00  1.00e+20        1    4.41e-01    4.23e+01
  94  1.225899e+04    1.85e-02    3.32e+01   1.13e+08   1.99e+00  1.00e+20        1    4.47e-01    4.27e+01
  95  1.225897e+04    1.81e-02    3.32e+01   1.12e+08   1.99e+00  1.00e+20        1    4.49e-01    4.32e+01
  96  1.225895e+04    1.76e-02    3.32e+01   1.10e+08   1.99e+00  1.00e+20        1    4.42e-01    4.36e+01
  97  1.225894e+04    1.72e-02    3.32e+01   1.09e+08   1.99e+00  1.00e+20        1    4.42e-01    4.41e+01
  98  1.225892e+04    1.68e-02    3.32e+01   1.08e+08   1.99e+00  1.00e+20        1    4.41e-01    4.45e+01
  99  1.225890e+04    1.64e-02    3.32e+01   1.07e+08   1.99e+00  1.00e+20        1    4.46e-01    4.50e+01
 100  1.225889e+04    1.60e-02    3.32e+01   1.05e+08   1.99e+00  1.00e+20        1    4.44e-01    4.54e+01
 101  1.225887e+04    1.56e-02    3.32e+01   1.04e+08   1.99e+00  1.00e+20        1    4.41e-01    4.59e+01
 102  1.225886e+04    1.52e-02    3.32e+01   1.03e+08   1.99e+00  1.00e+20        1    4.43e-01    4.63e+01
 103  1.225884e+04    1.48e-02    3.32e+01   1.02e+08   1.99e+00  1.00e+20        1    4.44e-01    4.67e+01
 104  1.225883e+04    1.45e-02    3.32e+01   1.01e+08   1.99e+00  1.00e+20        1    4.43e-01    4.72e+01
 105  1.225881e+04    1.41e-02    3.32e+01   1.00e+08   1.99e+00  1.00e+20        1    4.43e-01    4.76e+01
 106  1.225880e+04    1.38e-02    3.31e+01   9.90e+07   1.99e+00  1.00e+20        1    4.43e-01    4.81e+01
 107  1.225879e+04    1.35e-02    3.31e+01   9.80e+07   1.99e+00  1.00e+20        1    4.44e-01    4.85e+01
 108  1.225877e+04    1.31e-02    3.31e+01   9.71e+07   1.99e+00  1.00e+20        1    4.42e-01    4.90e+01
 109  1.225876e+04    1.28e-02    3.31e+01   9.61e+07   1.99e+00  1.00e+20        1    4.43e-01    4.94e+01
 110  1.225875e+04    1.25e-02    3.31e+01   9.52e+07   1.99e+00  1.00e+20        1    4.45e-01    4.98e+01
 111  1.225873e+04    1.22e-02    3.31e+01   9.43e+07   1.99e+00  1.00e+20        1    4.55e-01    5.03e+01
 112  1.225872e+04    1.19e-02    3.31e+01   9.35e+07   1.99e+00  1.00e+20        1    4.53e-01    5.08e+01
 113  1.225871e+04    1.16e-02    3.31e+01   9.26e+07   1.99e+00  1.00e+20        1    4.43e-01    5.12e+01
 114  1.225870e+04    1.13e-02    3.31e+01   9.18e+07   1.99e+00  1.00e+20        1    4.42e-01    5.16e+01
 115  1.225869e+04    1.11e-02    3.31e+01   9.10e+07   2.00e+00  1.00e+20        1    4.47e-01    5.21e+01
 116  1.225868e+04    1.08e-02    3.31e+01   9.02e+07   2.00e+00  1.00e+20        1    4.45e-01    5.25e+01
 117  1.225867e+04    1.05e-02    3.31e+01   8.94e+07   2.00e+00  1.00e+20        1    4.49e-01    5.30e+01
 118  1.225866e+04    1.03e-02    3.31e+01   8.86e+07   2.00e+00  1.00e+20        1    4.44e-01    5.34e+01
 119  1.225865e+04    1.00e-02    3.31e+01   8.79e+07   2.00e+00  1.00e+20        1    4.55e-01    5.39e+01
 120  1.225864e+04    9.78e-03    3.31e+01   8.72e+07   2.00e+00  1.00e+20        1    4.55e-01    5.43e+01
 121  1.225863e+04    9.54e-03    3.31e+01   8.65e+07   2.00e+00  1.00e+20        1    4.53e-01    5.48e+01
 122  1.225862e+04    9.30e-03    3.31e+01   8.58e+07   2.00e+00  1.00e+20        1    4.43e-01    5.52e+01
 123  1.225861e+04    9.07e-03    3.31e+01   8.51e+07   2.00e+00  1.00e+20        1    4.42e-01    5.57e+01
 124  1.225860e+04    8.85e-03    3.31e+01   8.44e+07   2.00e+00  1.00e+20        1    4.47e-01    5.61e+01
 125  1.225859e+04    8.63e-03    3.31e+01   8.38e+07   2.00e+00  1.00e+20        1    4.58e-01    5.66e+01
 126  1.225858e+04    8.41e-03    3.31e+01   8.31e+07   2.00e+00  1.00e+20        1    4.53e-01    5.70e+01
 127  1.225858e+04    8.20e-03    3.31e+01   8.25e+07   2.00e+00  1.00e+20        1    4.45e-01    5.75e+01
 128  1.225857e+04    8.00e-03    3.31e+01   8.19e+07   2.00e+00  1.00e+20        1    4.58e-01    5.79e+01
 129  1.225856e+04    7.80e-03    3.31e+01   8.12e+07   2.00e+00  1.00e+20        1    4.71e-01    5.84e+01
 130  1.225855e+04    7.58e-03    3.30e+01   8.06e+07   1.99e+00  1.00e+20        1    4.50e-01    5.89e+01
 131  1.225855e+04    6.44e-03    2.00e+01   8.01e+07   1.81e+00  1.00e+20        1    4.50e-01    5.93e+01
 132  1.225854e+04    2.23e-03    2.08e+00   7.95e+07   1.44e+00  1.00e+20        1    4.81e-01    5.98e+01
 133  1.225854e+04    1.07e-03    6.54e-01   7.89e+07   1.93e+00  1.00e+20        1    4.60e-01    6.03e+01
 134  1.225854e+04    1.04e-03    6.83e-01   7.84e+07   2.00e+00  1.00e+20        1    4.43e-01    6.07e+01
 135  1.225854e+04    9.94e-04    7.00e-01   7.78e+07   1.98e+00  1.00e+20        1    4.43e-01    6.11e+01
 136  1.225854e+04    9.58e-04    7.20e-01   7.73e+07   1.98e+00  1.00e+20        1    4.42e-01    6.16e+01
 137  1.225854e+04    9.23e-04    7.34e-01   7.68e+07   1.98e+00  1.00e+20        1    4.48e-01    6.20e+01
 138  1.225854e+04    8.91e-04    9.94e-01   7.62e+07   1.98e+00  1.00e+20        1    4.43e-01    6.25e+01
 139  1.225854e+04    8.60e-04    9.29e-01   7.57e+07   1.98e+00  1.00e+20        1    4.42e-01    6.29e+01
 140  1.225854e+04    8.30e-04    9.14e-01   7.52e+07   1.98e+00  1.00e+20        1    4.43e-01    6.34e+01
 141  1.225853e+04    8.02e-04    9.07e-01   7.47e+07   1.98e+00  1.00e+20        1    4.57e-01    6.38e+01
 142  1.225853e+04    7.74e-04    8.95e-01   7.42e+07   1.98e+00  1.00e+20        1    4.56e-01    6.43e+01
 143  1.225853e+04    7.48e-04    8.80e-01   7.38e+07   1.98e+00  1.00e+20        1    4.48e-01    6.47e+01
 144  1.225853e+04    7.23e-04    8.98e-01   7.33e+07   1.98e+00  1.00e+20        1    4.48e-01    6.52e+01
 145  1.225853e+04    6.99e-04    9.22e-01   7.28e+07   1.98e+00  1.00e+20        1    4.50e-01    6.56e+01
 146  1.225853e+04    6.76e-04    9.45e-01   7.24e+07   1.98e+00  1.00e+20        1    4.49e-01    6.61e+01
 147  1.225853e+04    6.53e-04    9.68e-01   7.19e+07   1.98e+00  1.00e+20        1    4.46e-01    6.65e+01
 148  1.225853e+04    6.32e-04    9.90e-01   7.15e+07   1.98e+00  1.00e+20        1    4.46e-01    6.70e+01
 149  1.225853e+04    6.11e-04    1.01e+00   7.11e+07   1.98e+00  1.00e+20        1    4.50e-01    6.74e+01
 150  1.225853e+04    5.91e-04    1.03e+00   7.06e+07   1.98e+00  1.00e+20        1    4.45e-01    6.79e+01
 151  1.225853e+04    5.72e-04    1.05e+00   7.02e+07   1.98e+00  1.00e+20        1    4.45e-01    6.83e+01
 152  1.225853e+04    5.54e-04    1.07e+00   6.98e+07   1.98e+00  1.00e+20        1    4.51e-01    6.88e+01
 153  1.225853e+04    5.36e-04    1.09e+00   6.94e+07   1.98e+00  1.00e+20        1    4.44e-01    6.92e+01
 154  1.225853e+04    5.19e-04    1.11e+00   6.90e+07   1.98e+00  1.00e+20        1    4.42e-01    6.97e+01
 155  1.225853e+04    5.02e-04    1.12e+00   6.86e+07   1.98e+00  1.00e+20        1    4.46e-01    7.01e+01
 156  1.225853e+04    4.87e-04    6.61e-01   6.82e+07   1.98e+00  1.00e+20        1    4.43e-01    7.05e+01
 157  1.225853e+04    4.71e-04    6.57e-01   6.78e+07   1.98e+00  1.00e+20        1    4.47e-01    7.10e+01
 158  1.225852e+04    4.56e-04    6.52e-01   6.74e+07   1.98e+00  1.00e+20        1    4.48e-01    7.14e+01
 159  1.225852e+04    4.42e-04    6.48e-01   6.70e+07   1.98e+00  1.00e+20        1    4.55e-01    7.19e+01
 160  1.225852e+04    4.28e-04    6.43e-01   6.67e+07   1.98e+00  1.00e+20        1    4.50e-01    7.23e+01
 161  1.225852e+04    4.15e-04    6.38e-01   6.63e+07   1.98e+00  1.00e+20        1    4.46e-01    7.28e+01
 162  1.225852e+04    4.02e-04    6.33e-01   6.60e+07   1.98e+00  1.00e+20        1    4.45e-01    7.32e+01
 163  1.225852e+04    3.90e-04    6.28e-01   6.56e+07   1.98e+00  1.00e+20        1    4.45e-01    7.37e+01
 164  1.225852e+04    3.78e-04    6.22e-01   6.52e+07   1.98e+00  1.00e+20        1    4.43e-01    7.41e+01
 165  1.225852e+04    3.67e-04    6.17e-01   6.49e+07   1.98e+00  1.00e+20        1    4.55e-01    7.46e+01
 166  1.225852e+04    3.55e-04    6.11e-01   6.46e+07   1.98e+00  1.00e+20        1    4.45e-01    7.50e+01
 167  1.225852e+04    3.45e-04    6.06e-01   6.42e+07   1.98e+00  1.00e+20        1    4.45e-01    7.55e+01
 168  1.225852e+04    3.34e-04    6.00e-01   6.39e+07   1.98e+00  1.00e+20        1    4.56e-01    7.59e+01
 169  1.225852e+04    3.24e-04    5.94e-01   6.36e+07   1.98e+00  1.00e+20        1    4.44e-01    7.64e+01
 170  1.225852e+04    3.15e-04    6.18e-01   6.32e+07   1.98e+00  1.00e+20        1    4.46e-01    7.68e+01
 171  1.225852e+04    3.05e-04    6.43e-01   6.29e+07   1.98e+00  1.00e+20        1    4.49e-01    7.73e+01
 172  1.225852e+04    2.96e-04    6.67e-01   6.26e+07   1.98e+00  1.00e+20        1    4.52e-01    7.77e+01
 173  1.225852e+04    2.88e-04    6.90e-01   6.23e+07   1.98e+00  1.00e+20        1    4.44e-01    7.82e+01
 174  1.225852e+04    2.79e-04    7.14e-01   6.20e+07   1.98e+00  1.00e+20        1    4.52e-01    7.86e+01
 175  1.225852e+04    2.71e-04    7.37e-01   6.17e+07   1.98e+00  1.00e+20        1    4.41e-01    7.91e+01
 176  1.225852e+04    2.63e-04    7.59e-01   6.14e+07   1.98e+00  1.00e+20        1    4.44e-01    7.95e+01
 177  1.225852e+04    2.55e-04    7.82e-01   6.11e+07   1.98e+00  1.00e+20        1    4.46e-01    8.00e+01
 178  1.225852e+04    2.48e-04    8.04e-01   6.08e+07   1.98e+00  1.00e+20        1    4.42e-01    8.04e+01
 179  1.225852e+04    2.41e-04    8.26e-01   6.05e+07   1.98e+00  1.00e+20        1    4.45e-01    8.08e+01
 180  1.225852e+04    2.34e-04    8.47e-01   6.02e+07   1.98e+00  1.00e+20        1    4.43e-01    8.13e+01
 181  1.225852e+04    2.27e-04    8.68e-01   5.99e+07   1.98e+00  1.00e+20        1    4.47e-01    8.17e+01
 182  1.225852e+04    2.21e-04    8.89e-01   5.97e+07   1.98e+00  1.00e+20        1    4.44e-01    8.22e+01
 183  1.225852e+04    2.14e-04    9.09e-01   5.94e+07   1.98e+00  1.00e+20        1    4.44e-01    8.26e+01
 184  1.225852e+04    2.08e-04    9.29e-01   5.91e+07   1.98e+00  1.00e+20        1    4.51e-01    8.31e+01
 185  1.225852e+04    2.02e-04    9.48e-01   5.88e+07   1.98e+00  1.00e+20        1    4.48e-01    8.35e+01
 186  1.225852e+04    1.97e-04    9.67e-01   5.86e+07   1.98e+00  1.00e+20        1    4.60e-01    8.40e+01
 187  1.225852e+04    1.91e-04    9.86e-01   5.83e+07   1.98e+00  1.00e+20        1    4.47e-01    8.44e+01
 188  1.225852e+04    1.86e-04    1.00e+00   5.80e+07   1.98e+00  1.00e+20        1    4.51e-01    8.49e+01
 189  1.225852e+04    1.80e-04    1.02e+00   5.78e+07   1.98e+00  1.00e+20        1    4.43e-01    8.53e+01
 190  1.225852e+04    1.75e-04    1.04e+00   5.75e+07   1.98e+00  1.00e+20        1    4.49e-01    8.58e+01
 191  1.225852e+04    1.70e-04    1.06e+00   5.73e+07   1.98e+00  1.00e+20        1    4.45e-01    8.62e+01
 192  1.225852e+04    1.66e-04    1.07e+00   5.70e+07   1.98e+00  1.00e+20        1    4.53e-01    8.67e+01
 193  1.225852e+04    1.61e-04    1.09e+00   5.68e+07   1.98e+00  1.00e+20        1    4.45e-01    8.71e+01
 194  1.225851e+04    1.57e-04    1.11e+00   5.65e+07   1.98e+00  1.00e+20        1    4.42e-01    8.76e+01
 195  1.225851e+04    1.52e-04    1.12e+00   5.63e+07   1.98e+00  1.00e+20        1    4.48e-01    8.80e+01
 196  1.225851e+04    1.48e-04    1.14e+00   5.61e+07   1.98e+00  1.00e+20        1    4.52e-01    8.85e+01
 197  1.225851e+04    1.44e-04    1.15e+00   5.58e+07   1.98e+00  1.00e+20        1    4.46e-01    8.89e+01
 198  1.225851e+04    1.40e-04    1.17e+00   5.56e+07   1.98e+00  1.00e+20        1    4.44e-01    8.94e+01
 199  1.225851e+04    1.36e-04    1.18e+00   5.54e+07   1.98e+00  1.00e+20        1    4.50e-01    8.98e+01
 200  1.225851e+04    1.33e-04    1.20e+00   5.51e+07   1.98e+00  1.00e+20        1    4.46e-01    9.03e+01
