   1  3.022135e+04    1.61e+03    7.13e+04   1.04e+01   3.32e-01  9.63e+03        1    1.56e-01    3.07e-01
   2  2.504973e+04    5.17e+03    3.02e+04   3.10e-02   1.35e+00  2.89e+04        1    1.55e-01    4.63e-01
   3  2.456335e+04    4.86e+02    2.33e+04   1.75e-02   1.70e+00  8.67e+04        1    1.55e-01    6.17e-01
   4  2.440348e+04    1.60e+02    1.18e+04   9.05e-03   1.62e+00  2.60e+05        1    1.55e-01    7.72e-01
   5  2.434442e+04    5.91e+01    9.60e+03   4.73e-03   1.80e+00  7.80e+05        1    1.55e-01    9.27e-01
   6  2.430655e+04    3.79e+01    8.38e+03   3.55e-03   1.88e+00  2.34e+06        1    1.55e-01    1.08e+00
   7  2.427821e+04    2.83e+01    6.56e+03   2.88e-03   1.89e+00  7.02e+06        1    1.56e-01    1.24e+00
   8  2.425871e+04    1.95e+01    4.14e+03   2.28e-03   1.82e+00  2.11e+07        1    1.53e-01    1.39e+00
   9  2.424744e+04    1.13e+01    2.06e+03   1.70e-03   1.75e+00  6.32e+07        1    1.55e-01    1.55e+00
  10  2.424184e+04    5.61e+00    1.26e+03   1.23e-03   1.70e+00  1.90e+08        1    1.56e-01    1.70e+00
  11  2.423933e+04    2.51e+00    8.81e+02   9.55e-04   1.67e+00  5.69e+08        1    1.56e-01    1.86e+00
  12  2.423827e+04    1.05e+00    5.76e+02   9.25e-04   1.65e+00  1.71e+09        1    1.56e-01    2.01e+00
  13  2.423781e+04    4.68e-01    3.61e+02   1.16e-03   1.71e+00  5.12e+09        1    1.53e-01    2.17e+00
  14  2.423750e+04    3.05e-01    2.20e+02   1.61e-03   1.97e+00  1.54e+10        1    1.53e-01    2.32e+00
  15  2.423712e+04    3.84e-01    1.32e+02   2.17e-03   2.33e+00  4.61e+10        1    1.56e-01    2.48e+00
  16  2.423645e+04    6.68e-01    7.81e+01   2.41e-03   2.51e+00  1.38e+11        1    1.53e-01    2.63e+00
  17  2.423532e+04    1.13e+00    6.27e+01   1.71e-03   2.60e+00  4.15e+11        1    1.54e-01    2.78e+00
  18  2.423353e+04    1.79e+00    1.83e+02   1.61e-03   2.80e+00  1.24e+12        1    1.54e-01    2.94e+00
  19  2.423108e+04    2.45e+00    7.28e+02   1.77e-03   2.76e+00  3.73e+12        1    1.56e-01    3.09e+00
  20  2.422996e+04    1.12e+00    9.25e+02   7.58e-04   1.67e+00  1.12e+13        1    1.55e-01    3.25e+00
  21  2.422985e+04    1.15e-01    2.84e+02   1.48e-04   1.27e+00  3.36e+13        1    1.53e-01    3.40e+00
