   1  2.146841e+05    1.47e+06    1.66e+05   9.18e+00   1.05e+00  3.00e+04        1    9.98e-01    1.79e+00
   2  2.003508e+05    1.43e+04    1.47e+04   4.38e+00   1.41e+00  9.00e+04        1    7.97e-01    2.58e+00
   3  1.929157e+05    7.44e+03    1.22e+04   3.19e+00   1.56e+00  2.70e+05        1    7.93e-01    3.38e+00
   4  1.883414e+05    4.57e+03    9.57e+03   2.78e+00   1.57e+00  8.10e+05        1    7.95e-01    4.17e+00
   5  1.859543e+05    2.39e+03    7.39e+03   2.23e+00   1.63e+00  2.43e+06        1    7.98e-01    4.97e+00
   6  1.849834e+05    9.71e+02    4.62e+03   1.67e+00   1.64e+00  7.29e+06        1    7.92e-01    5.76e+00
   7  1.846149e+05    3.68e+02    2.68e+03   1.57e+00   1.63e+00  2.19e+07        1    7.93e-01    6.56e+00
   8  1.844503e+05    1.65e+02    1.52e+03   1.43e+00   1.61e+00  6.56e+07        1    7.93e-01    7.35e+00
   9  1.843648e+05    8.55e+01    1.99e+03   1.42e+00   1.56e+00  1.97e+08        1    7.94e-01    8.15e+00
  10  1.843137e+05    5.12e+01    1.64e+03   1.17e+00   1.54e+00  5.90e+08        1    7.94e-01    8.94e+00
  11  1.842788e+05    3.49e+01    9.40e+02   8.56e-01   1.69e+00  1.77e+09        1    7.92e-01    9.74e+00
  12  1.842543e+05    2.45e+01    8.19e+02   1.67e+00   1.86e+00  5.31e+09        1    7.92e-01    1.05e+01
  13  1.842357e+05    1.86e+01    7.99e+02   3.14e+00   1.90e+00  1.59e+10        1    7.92e-01    1.13e+01
  14  1.842219e+05    1.38e+01    7.37e+02   3.66e+00   1.90e+00  4.78e+10        1    7.96e-01    1.21e+01
  15  1.842126e+05    9.36e+00    5.72e+02   2.20e+00   1.88e+00  1.43e+11        1    7.92e-01    1.29e+01
  16  1.842073e+05    5.29e+00    3.01e+02   6.06e-01   1.74e+00  4.30e+11        1    7.93e-01    1.37e+01
  17  1.842040e+05    3.24e+00    2.36e+02   1.35e-01   1.84e+00  1.29e+12        1    7.92e-01    1.45e+01
  18  1.842016e+05    2.39e+00    2.06e+02   9.82e-02   1.89e+00  3.87e+12        1    7.94e-01    1.53e+01
  19  1.841997e+05    1.94e+00    2.00e+02   8.23e-02   1.92e+00  1.16e+13        1    7.91e-01    1.61e+01
  20  1.841981e+05    1.61e+00    1.95e+02   7.18e-02   1.92e+00  3.49e+13        1    7.91e-01    1.69e+01
  21  1.841967e+05    1.36e+00    1.90e+02   6.33e-02   1.93e+00  1.05e+14        1    7.93e-01    1.77e+01
  22  1.841956e+05    1.18e+00    1.85e+02   5.62e-02   1.94e+00  3.14e+14        1    7.93e-01    1.85e+01
  23  1.841945e+05    1.03e+00    1.80e+02   5.04e-02   1.95e+00  9.41e+14        1    7.96e-01    1.93e+01
  24  1.841936e+05    9.09e-01    1.74e+02   4.54e-02   1.95e+00  2.82e+15        1    7.94e-01    2.01e+01
  25  1.841928e+05    8.00e-01    1.69e+02   4.06e-02   1.95e+00  8.47e+15        1    7.96e-01    2.09e+01
  26  1.841921e+05    7.12e-01    1.63e+02   3.70e-02   1.96e+00  2.54e+16        1    7.93e-01    2.17e+01
  27  1.841915e+05    6.38e-01    1.58e+02   3.40e-02   1.96e+00  7.63e+16        1    7.94e-01    2.25e+01
  28  1.841909e+05    5.72e-01    1.53e+02   3.13e-02   1.96e+00  2.29e+17        1    7.94e-01    2.33e+01
  29  1.841904e+05    5.15e-01    1.47e+02   2.90e-02   1.96e+00  6.86e+17        1    7.94e-01    2.40e+01
  30  1.841899e+05    4.65e-01    1.42e+02   2.72e-02   1.96e+00  2.06e+18        1    7.94e-01    2.48e+01
  31  1.841895e+05    4.22e-01    1.37e+02   2.56e-02   1.97e+00  6.18e+18        1    7.93e-01    2.56e+01
  32  1.841891e+05    3.83e-01    1.32e+02   2.42e-02   1.97e+00  1.85e+19        1    7.92e-01    2.64e+01
  33  1.841888e+05    3.48e-01    1.27e+02   2.31e-02   1.97e+00  5.56e+19        1    7.93e-01    2.72e+01
  34  1.841884e+05    3.17e-01    1.22e+02   2.21e-02   1.97e+00  1.00e+20        1    7.93e-01    2.80e+01
  35  1.841881e+05    2.89e-01    1.18e+02   2.12e-02   1.97e+00  1.00e+20        1    8.35e-01    2.89e+01
  36  1.841879e+05    2.63e-01    1.13e+02   2.04e-02   1.97e+00  1.00e+20        1    8.33e-01    2.97e+01
  37  1.841876e+05    2.40e-01    1.09e+02   1.97e-02   1.97e+00  1.00e+20        1    7.93e-01    3.05e+01
  38  1.841874e+05    2.19e-01    1.04e+02   1.91e-02   1.97e+00  1.00e+20        1    7.93e-01    3.13e+01
  39  1.841872e+05    2.00e-01    1.00e+02   1.86e-02   1.97e+00  1.00e+20        1    7.93e-01    3.21e+01
  40  1.841870e+05    1.82e-01    9.61e+01   1.81e-02   1.97e+00  1.00e+20        1    7.94e-01    3.29e+01
  41  1.841869e+05    1.67e-01    9.21e+01   1.76e-02   1.97e+00  1.00e+20        1    7.94e-01    3.37e+01
  42  1.841867e+05    1.52e-01    8.83e+01   1.72e-02   1.97e+00  1.00e+20        1    7.92e-01    3.45e+01
  43  1.841866e+05    1.39e-01    8.46e+01   1.69e-02   1.97e+00  1.00e+20        1    7.99e-01    3.53e+01
  44  1.841865e+05    1.27e-01    8.10e+01   1.66e-02   1.97e+00  1.00e+20        1    7.93e-01    3.61e+01
  45  1.841863e+05    1.16e-01    7.75e+01   1.63e-02   1.97e+00  1.00e+20        1    7.92e-01    3.69e+01
  46  1.841862e+05    1.06e-01    7.42e+01   1.60e-02   1.97e+00  1.00e+20        1    7.94e-01    3.77e+01
  47  1.841861e+05    9.68e-02    7.10e+01   1.58e-02   1.97e+00  1.00e+20        1    7.92e-01    3.84e+01
  48  1.841861e+05    8.88e-02    6.79e+01   1.56e-02   1.97e+00  1.00e+20        1    7.94e-01    3.92e+01
  49  1.841860e+05    8.15e-02    6.49e+01   1.54e-02   1.97e+00  1.00e+20        1    7.96e-01    4.00e+01
  50  1.841859e+05    7.49e-02    6.20e+01   1.52e-02   1.97e+00  1.00e+20        1    7.93e-01    4.08e+01
  51  1.841858e+05    6.88e-02    5.92e+01   1.51e-02   1.97e+00  1.00e+20        1    7.92e-01    4.16e+01
  52  1.841858e+05    6.33e-02    5.65e+01   1.49e-02   1.97e+00  1.00e+20        1    7.93e-01    4.24e+01
  53  1.841857e+05    5.83e-02    5.39e+01   1.48e-02   1.97e+00  1.00e+20        1    7.93e-01    4.32e+01
  54  1.841857e+05    5.36e-02    5.14e+01   1.46e-02   1.97e+00  1.00e+20        1    7.94e-01    4.40e+01
  55  1.841856e+05    4.91e-02    4.91e+01   1.45e-02   1.97e+00  1.00e+20        1    7.93e-01    4.48e+01
  56  1.841856e+05    4.52e-02    4.68e+01   1.44e-02   1.97e+00  1.00e+20        1    7.97e-01    4.56e+01
  57  1.841855e+05    4.18e-02    4.46e+01   1.43e-02   1.97e+00  1.00e+20        1    7.92e-01    4.64e+01
  58  1.841855e+05    3.86e-02    4.25e+01   1.41e-02   1.97e+00  1.00e+20        1    8.33e-01    4.72e+01
  59  1.841854e+05    3.57e-02    4.04e+01   1.40e-02   1.97e+00  1.00e+20        1    7.93e-01    4.80e+01
  60  1.841854e+05    3.31e-02    3.85e+01   1.39e-02   1.97e+00  1.00e+20        1    7.93e-01    4.88e+01
  61  1.841854e+05    3.07e-02    3.66e+01   1.38e-02   1.97e+00  1.00e+20        1    7.93e-01    4.96e+01
  62  1.841853e+05    2.85e-02    3.49e+01   1.37e-02   1.97e+00  1.00e+20        1    7.96e-01    5.04e+01
  63  1.841853e+05    2.65e-02    3.32e+01   1.36e-02   1.97e+00  1.00e+20        1    7.97e-01    5.12e+01
  64  1.841853e+05    2.47e-02    3.15e+01   1.35e-02   1.97e+00  1.00e+20        1    7.95e-01    5.20e+01
  65  1.841853e+05    2.31e-02    3.00e+01   1.34e-02   1.97e+00  1.00e+20        1    8.06e-01    5.28e+01
  66  1.841853e+05    2.15e-02    2.85e+01   1.33e-02   1.97e+00  1.00e+20        1    8.07e-01    5.36e+01
  67  1.841852e+05    2.01e-02    2.71e+01   1.32e-02   1.97e+00  1.00e+20        1    7.92e-01    5.44e+01
  68  1.841852e+05    1.89e-02    2.57e+01   1.31e-02   1.97e+00  1.00e+20        1    7.97e-01    5.52e+01
  69  1.841852e+05    1.77e-02    2.47e+01   1.31e-02   1.98e+00  1.00e+20        1    7.94e-01    5.60e+01
  70  1.841852e+05    1.66e-02    2.47e+01   1.30e-02   1.98e+00  1.00e+20        1    7.94e-01    5.68e+01
  71  1.841852e+05    1.56e-02    2.48e+01   1.29e-02   1.98e+00  1.00e+20        1    7.92e-01    5.76e+01
  72  1.841851e+05    1.47e-02    2.48e+01   1.28e-02   1.98e+00  1.00e+20        1    7.93e-01    5.84e+01
  73  1.841851e+05    1.39e-02    2.48e+01   1.27e-02   1.98e+00  1.00e+20        1    8.34e-01    5.92e+01
  74  1.841851e+05    1.31e-02    2.48e+01   1.26e-02   1.98e+00  1.00e+20        1    8.37e-01    6.01e+01
  75  1.841851e+05    1.24e-02    2.48e+01   1.25e-02   1.98e+00  1.00e+20        1    8.35e-01    6.09e+01
  76  1.841851e+05    1.18e-02    2.48e+01   1.24e-02   1.98e+00  1.00e+20        1    7.92e-01    6.17e+01
  77  1.841851e+05    1.12e-02    2.48e+01   1.23e-02   1.98e+00  1.00e+20        1    7.93e-01    6.25e+01
  78  1.841851e+05    1.07e-02    2.48e+01   1.22e-02   1.98e+00  1.00e+20        1    7.93e-01    6.33e+01
  79  1.841851e+05    1.01e-02    2.48e+01   1.22e-02   1.98e+00  1.00e+20        1    7.95e-01    6.41e+01
  80  1.841851e+05    9.67e-03    2.48e+01   1.21e-02   1.98e+00  1.00e+20        1    7.93e-01    6.49e+01
  81  1.841850e+05    9.24e-03    2.48e+01   1.20e-02   1.98e+00  1.00e+20        1    7.95e-01    6.57e+01
  82  1.841850e+05    8.83e-03    2.48e+01   1.19e-02   1.98e+00  1.00e+20        1    7.94e-01    6.65e+01
  83  1.841850e+05    8.46e-03    2.48e+01   1.18e-02   1.98e+00  1.00e+20        1    7.93e-01    6.73e+01
  84  1.841850e+05    8.10e-03    2.48e+01   1.17e-02   1.98e+00  1.00e+20        1    7.95e-01    6.81e+01
  85  1.841850e+05    7.78e-03    2.48e+01   1.16e-02   1.98e+00  1.00e+20        1    8.02e-01    6.89e+01
  86  1.841850e+05    7.47e-03    2.48e+01   1.15e-02   1.98e+00  1.00e+20        1    7.93e-01    6.97e+01
  87  1.841850e+05    7.19e-03    2.48e+01   1.14e-02   1.98e+00  1.00e+20        1    8.34e-01    7.05e+01
  88  1.841850e+05    6.92e-03    2.48e+01   1.14e-02   1.98e+00  1.00e+20        1    8.37e-01    7.13e+01
  89  1.841850e+05    6.67e-03    2.48e+01   1.13e-02   1.98e+00  1.00e+20        1    8.35e-01    7.22e+01
  90  1.841850e+05    6.44e-03    2.48e+01   1.12e-02   1.98e+00  1.00e+20        1    8.35e-01    7.30e+01
  91  1.841850e+05    6.22e-03    2.48e+01   1.11e-02   1.99e+00  1.00e+20        1    8.33e-01    7.39e+01
  92  1.841850e+05    6.01e-03    2.48e+01   1.10e-02   1.99e+00  1.00e+20        1    7.93e-01    7.47e+01
  93  1.841850e+05    5.81e-03    2.48e+01   1.09e-02   1.99e+00  1.00e+20        1    7.92e-01    7.54e+01
  94  1.841850e+05    5.63e-03    2.48e+01   1.08e-02   1.99e+00  1.00e+20        1    7.94e-01    7.62e+01
  95  1.841849e+05    5.45e-03    2.48e+01   1.07e-02   1.99e+00  1.00e+20        1    8.34e-01    7.71e+01
  96  1.841849e+05    5.29e-03    2.48e+01   1.06e-02   1.99e+00  1.00e+20        1    8.33e-01    7.79e+01
  97  1.841849e+05    5.13e-03    2.48e+01   1.05e-02   1.99e+00  1.00e+20        1    8.36e-01    7.87e+01
  98  1.841849e+05    4.98e-03    2.48e+01   1.05e-02   1.99e+00  1.00e+20        1    8.34e-01    7.96e+01
  99  1.841849e+05    4.84e-03    2.49e+01   1.04e-02   1.99e+00  1.00e+20        1    7.95e-01    8.04e+01
 100  1.841849e+05    4.71e-03    2.49e+01   1.03e-02   1.99e+00  1.00e+20        1    7.97e-01    8.12e+01
 101  1.841849e+05    4.58e-03    2.49e+01   1.02e-02   1.99e+00  1.00e+20        1    7.92e-01    8.20e+01
 102  1.841849e+05    4.46e-03    2.49e+01   1.01e-02   1.99e+00  1.00e+20        1    7.94e-01    8.28e+01
 103  1.841849e+05    4.34e-03    2.49e+01   1.00e-02   1.99e+00  1.00e+20        1    7.96e-01    8.36e+01
 104  1.841849e+05    4.23e-03    2.49e+01   9.92e-03   1.99e+00  1.00e+20        1    7.92e-01    8.44e+01
 105  1.841849e+05    4.13e-03    2.49e+01   9.83e-03   1.99e+00  1.00e+20        1    7.97e-01    8.52e+01
 106  1.841849e+05    4.02e-03    2.49e+01   9.74e-03   1.99e+00  1.00e+20        1    7.92e-01    8.60e+01
 107  1.841849e+05    3.93e-03    2.49e+01   9.65e-03   1.99e+00  1.00e+20        1    7.93e-01    8.67e+01
 108  1.841849e+05    3.83e-03    2.49e+01   9.57e-03   1.99e+00  1.00e+20        1    7.92e-01    8.75e+01
 109  1.841849e+05    3.74e-03    2.49e+01   9.48e-03   1.99e+00  1.00e+20        1    7.93e-01    8.83e+01
 110  1.841849e+05    3.66e-03    2.49e+01   9.39e-03   1.99e+00  1.00e+20        1    7.94e-01    8.91e+01
 111  1.841849e+05    3.57e-03    2.49e+01   9.30e-03   1.99e+00  1.00e+20        1    7.93e-01    8.99e+01
 112  1.841849e+05    3.49e-03    2.49e+01   9.21e-03   1.99e+00  1.00e+20        1    8.37e-01    9.08e+01
 113  1.841849e+05    3.42e-03    2.49e+01   9.13e-03   1.99e+00  1.00e+20        1    8.34e-01    9.16e+01
 114  1.841849e+05    3.34e-03    2.49e+01   9.04e-03   1.99e+00  1.00e+20        1    7.95e-01    9.24e+01
 115  1.841849e+05    3.27e-03    2.49e+01   8.95e-03   1.99e+00  1.00e+20        1    7.96e-01    9.32e+01
 116  1.841849e+05    3.20e-03    2.49e+01   8.87e-03   1.99e+00  1.00e+20        1    7.93e-01    9.40e+01
 117  1.841849e+05    3.14e-03    2.49e+01   8.78e-03   1.99e+00  1.00e+20        1    7.91e-01    9.48e+01
 118  1.841849e+05    3.07e-03    2.49e+01   8.70e-03   1.99e+00  1.00e+20        1    7.94e-01    9.56e+01
 119  1.841849e+05    3.01e-03    2.49e+01   8.61e-03   1.99e+00  1.00e+20        1    7.94e-01    9.64e+01
 120  1.841849e+05    2.95e-03    2.49e+01   8.53e-03   1.99e+00  1.00e+20        1    8.33e-01    9.72e+01
 121  1.841848e+05    2.89e-03    2.49e+01   8.44e-03   1.99e+00  1.00e+20        1    8.33e-01    9.80e+01
 122  1.841848e+05    2.83e-03    2.49e+01   8.36e-03   1.99e+00  1.00e+20        1    8.34e-01    9.89e+01
 123  1.841848e+05    2.78e-03    2.49e+01   8.27e-03   1.99e+00  1.00e+20        1    8.33e-01    9.97e+01
 124  1.841848e+05    2.73e-03    2.49e+01   8.19e-03   1.99e+00  1.00e+20        1    7.93e-01    1.01e+02
 125  1.841848e+05    2.68e-03    2.49e+01   8.11e-03   1.99e+00  1.00e+20        1    7.97e-01    1.01e+02
 126  1.841848e+05    2.63e-03    2.49e+01   8.02e-03   1.99e+00  1.00e+20        1    7.92e-01    1.02e+02
 127  1.841848e+05    2.58e-03    2.50e+01   7.94e-03   1.99e+00  1.00e+20        1    7.92e-01    1.03e+02
 128  1.841848e+05    2.53e-03    2.50e+01   7.86e-03   1.99e+00  1.00e+20        1    7.94e-01    1.04e+02
 129  1.841848e+05    2.49e-03    2.50e+01   7.78e-03   1.99e+00  1.00e+20        1    7.92e-01    1.04e+02
 130  1.841848e+05    2.44e-03    2.50e+01   7.70e-03   1.99e+00  1.00e+20        1    7.94e-01    1.05e+02
 131  1.841848e+05    2.40e-03    2.50e+01   7.61e-03   1.99e+00  1.00e+20        1    7.93e-01    1.06e+02
 132  1.841848e+05    2.36e-03    2.50e+01   7.53e-03   1.99e+00  1.00e+20        1    7.92e-01    1.07e+02
 133  1.841848e+05    2.32e-03    2.50e+01   7.45e-03   1.99e+00  1.00e+20        1    7.93e-01    1.08e+02
 134  1.841848e+05    2.28e-03    2.50e+01   7.37e-03   1.99e+00  1.00e+20        1    7.94e-01    1.08e+02
 135  1.841848e+05    2.24e-03    2.50e+01   7.30e-03   1.99e+00  1.00e+20        1    7.91e-01    1.09e+02
 136  1.841848e+05    2.20e-03    2.50e+01   7.22e-03   1.99e+00  1.00e+20        1    7.95e-01    1.10e+02
 137  1.841848e+05    2.17e-03    2.50e+01   7.14e-03   1.99e+00  1.00e+20        1    8.37e-01    1.11e+02
 138  1.841848e+05    2.13e-03    2.50e+01   7.06e-03   1.99e+00  1.00e+20        1    7.93e-01    1.12e+02
 139  1.841848e+05    2.10e-03    2.50e+01   6.98e-03   1.99e+00  1.00e+20        1    7.92e-01    1.12e+02
 140  1.841848e+05    2.06e-03    2.50e+01   6.91e-03   1.99e+00  1.00e+20        1    7.94e-01    1.13e+02
 141  1.841848e+05    2.03e-03    2.50e+01   6.83e-03   1.99e+00  1.00e+20        1    7.93e-01    1.14e+02
 142  1.841848e+05    2.00e-03    2.50e+01   6.76e-03   1.99e+00  1.00e+20        1    7.94e-01    1.15e+02
 143  1.841848e+05    1.97e-03    2.50e+01   6.68e-03   1.99e+00  1.00e+20        1    7.93e-01    1.16e+02
 144  1.841848e+05    1.94e-03    2.50e+01   6.61e-03   1.99e+00  1.00e+20        1    7.95e-01    1.16e+02
 145  1.841848e+05    1.91e-03    2.50e+01   6.53e-03   1.99e+00  1.00e+20        1    7.92e-01    1.17e+02
 146  1.841848e+05    1.88e-03    2.50e+01   6.46e-03   1.99e+00  1.00e+20        1    7.95e-01    1.18e+02
 147  1.841848e+05    1.85e-03    2.50e+01   6.39e-03   1.99e+00  1.00e+20        1    7.93e-01    1.19e+02
 148  1.841848e+05    1.83e-03    2.50e+01   6.31e-03   1.99e+00  1.00e+20        1    7.93e-01    1.20e+02
 149  1.841848e+05    1.80e-03    2.50e+01   6.24e-03   1.99e+00  1.00e+20        1    7.93e-01    1.20e+02
 150  1.841848e+05    1.78e-03    2.50e+01   6.17e-03   1.99e+00  1.00e+20        1    7.98e-01    1.21e+02
 151  1.841848e+05    1.75e-03    2.50e+01   6.10e-03   1.99e+00  1.00e+20        1    7.91e-01    1.22e+02
 152  1.841848e+05    1.73e-03    2.50e+01   6.03e-03   1.99e+00  1.00e+20        1    7.94e-01    1.23e+02
 153  1.841848e+05    1.70e-03    2.03e+01   5.96e-03   1.98e+00  1.00e+20        1    7.96e-01    1.24e+02
 154  1.841848e+05    1.53e-03    1.55e+01   5.89e-03   1.92e+00  1.00e+20        1    7.96e-01    1.24e+02
 155  1.841848e+05    1.41e-03    1.55e+01   5.82e-03   1.99e+00  1.00e+20        1    7.93e-01    1.25e+02
 156  1.841848e+05    1.37e-03    1.55e+01   5.75e-03   1.99e+00  1.00e+20        1    7.91e-01    1.26e+02
 157  1.841848e+05    1.35e-03    1.55e+01   5.69e-03   1.99e+00  1.00e+20        1    7.96e-01    1.27e+02
 158  1.841848e+05    1.33e-03    1.55e+01   5.62e-03   1.99e+00  1.00e+20        1    7.93e-01    1.28e+02
 159  1.841848e+05    1.21e-03    6.19e+00   5.55e-03   1.84e+00  1.00e+20        1    8.57e-01    1.28e+02
 160  1.841848e+05    1.04e-03    6.19e+00   5.49e-03   2.00e+00  1.00e+20        1    7.97e-01    1.29e+02
 161  1.841848e+05    1.00e-03    6.19e+00   5.42e-03   2.01e+00  1.00e+20        1    7.93e-01    1.30e+02
 162  1.841848e+05    9.77e-04    6.18e+00   5.36e-03   2.00e+00  1.00e+20        1    8.00e-01    1.31e+02
 163  1.841848e+05    9.57e-04    6.18e+00   5.29e-03   1.99e+00  1.00e+20        1    7.94e-01    1.32e+02
 164  1.841848e+05    9.40e-04    6.18e+00   5.23e-03   1.99e+00  1.00e+20        1    7.96e-01    1.32e+02
 165  1.841848e+05    9.23e-04    6.18e+00   5.17e-03   1.99e+00  1.00e+20        1    8.36e-01    1.33e+02
 166  1.841848e+05    9.07e-04    6.18e+00   5.10e-03   1.99e+00  1.00e+20        1    7.93e-01    1.34e+02
 167  1.841848e+05    8.92e-04    6.17e+00   5.04e-03   1.99e+00  1.00e+20        1    8.09e-01    1.35e+02
 168  1.841848e+05    8.77e-04    6.17e+00   4.98e-03   1.99e+00  1.00e+20        1    7.94e-01    1.36e+02
 169  1.841848e+05    8.62e-04    6.17e+00   4.92e-03   1.99e+00  1.00e+20        1    7.98e-01    1.36e+02
 170  1.841848e+05    8.48e-04    6.17e+00   4.86e-03   1.99e+00  1.00e+20        1    7.98e-01    1.37e+02
 171  1.841848e+05    8.34e-04    6.16e+00   4.80e-03   1.99e+00  1.00e+20        1    7.96e-01    1.38e+02
 172  1.841848e+05    8.21e-04    6.16e+00   4.74e-03   1.99e+00  1.00e+20        1    7.97e-01    1.39e+02
 173  1.841848e+05    8.07e-04    6.16e+00   4.68e-03   1.99e+00  1.00e+20        1    7.93e-01    1.40e+02
 174  1.841848e+05    7.95e-04    6.15e+00   4.62e-03   1.99e+00  1.00e+20        1    7.95e-01    1.40e+02
 175  1.841848e+05    7.82e-04    6.15e+00   4.56e-03   1.99e+00  1.00e+20        1    7.93e-01    1.41e+02
 176  1.841848e+05    7.70e-04    6.15e+00   4.51e-03   1.99e+00  1.00e+20        1    7.93e-01    1.42e+02
 177  1.841848e+05    7.58e-04    6.14e+00   4.45e-03   1.99e+00  1.00e+20        1    7.93e-01    1.43e+02
 178  1.841848e+05    7.46e-04    6.14e+00   4.40e-03   1.99e+00  1.00e+20        1    7.93e-01    1.44e+02
 179  1.841848e+05    7.35e-04    6.14e+00   4.34e-03   1.99e+00  1.00e+20        1    7.93e-01    1.44e+02
 180  1.841848e+05    7.24e-04    6.13e+00   4.28e-03   1.99e+00  1.00e+20        1    7.95e-01    1.45e+02
 181  1.841848e+05    7.13e-04    6.13e+00   4.23e-03   1.99e+00  1.00e+20        1    7.93e-01    1.46e+02
 182  1.841847e+05    7.03e-04    6.13e+00   4.18e-03   1.99e+00  1.00e+20        1    7.93e-01    1.47e+02
 183  1.841847e+05    6.92e-04    6.12e+00   4.12e-03   1.99e+00  1.00e+20        1    8.35e-01    1.48e+02
 184  1.841847e+05    6.82e-04    6.12e+00   4.07e-03   1.99e+00  1.00e+20        1    8.35e-01    1.49e+02
 185  1.841847e+05    6.73e-04    6.11e+00   4.02e-03   1.99e+00  1.00e+20        1    8.36e-01    1.49e+02
 186  1.841847e+05    6.63e-04    6.11e+00   3.97e-03   1.99e+00  1.00e+20        1    8.36e-01    1.50e+02
 187  1.841847e+05    6.54e-04    6.10e+00   3.92e-03   1.99e+00  1.00e+20        1    8.00e-01    1.51e+02
 188  1.841847e+05    6.45e-04    6.10e+00   3.87e-03   1.99e+00  1.00e+20        1    7.95e-01    1.52e+02
 189  1.841847e+05    6.36e-04    6.10e+00   3.82e-03   1.99e+00  1.00e+20        1    7.94e-01    1.53e+02
 190  1.841847e+05    6.27e-04    6.09e+00   3.77e-03   1.99e+00  1.00e+20        1    7.93e-01    1.53e+02
 191  1.841847e+05    6.19e-04    6.09e+00   3.72e-03   1.99e+00  1.00e+20        1    7.93e-01    1.54e+02
 192  1.841847e+05    6.10e-04    6.08e+00   3.67e-03   1.99e+00  1.00e+20        1    7.93e-01    1.55e+02
 193  1.841847e+05    6.02e-04    6.08e+00   3.62e-03   1.99e+00  1.00e+20        1    7.92e-01    1.56e+02
 194  1.841847e+05    5.95e-04    6.07e+00   3.57e-03   1.99e+00  1.00e+20        1    7.92e-01    1.57e+02
 195  1.841847e+05    5.87e-04    6.07e+00   3.53e-03   1.99e+00  1.00e+20        1    7.97e-01    1.57e+02
 196  1.841847e+05    5.79e-04    6.06e+00   3.48e-03   1.99e+00  1.00e+20        1    8.35e-01    1.58e+02
 197  1.841847e+05    5.72e-04    6.06e+00   3.44e-03   1.99e+00  1.00e+20        1    8.33e-01    1.59e+02
 198  1.841847e+05    5.65e-04    6.05e+00   3.39e-03   1.99e+00  1.00e+20        1    8.33e-01    1.60e+02
 199  1.841847e+05    5.58e-04    6.05e+00   3.35e-03   1.99e+00  1.00e+20        1    8.35e-01    1.61e+02
 200  1.841847e+05    5.51e-04    6.04e+00   3.30e-03   1.99e+00  1.00e+20        1    8.33e-01    1.62e+02
