   1  1.560512e+04    1.14e+05    9.79e+04   1.09e+01   1.05e+00  3.00e+04        1    4.11e-01    8.14e-01
   2  1.207870e+04    3.53e+03    9.48e+03   7.53e+00   1.31e+00  9.00e+04        1    3.96e-01    1.21e+00
   3  1.088131e+04    1.20e+03    3.72e+03   5.38e+00   1.39e+00  2.70e+05        1    3.99e-01    1.61e+00
   4  1.051230e+04    3.69e+02    1.06e+03   2.34e+00   1.47e+00  8.10e+05        1    3.95e-01    2.00e+00
   5  1.037898e+04    1.33e+02    6.71e+02   1.20e+00   1.59e+00  2.43e+06        1    3.97e-01    2.40e+00
   6  1.032187e+04    5.71e+01    4.24e+02   1.50e+00   1.60e+00  7.29e+06        1    3.96e-01    2.80e+00
   7  1.029365e+04    2.82e+01    1.24e+03   1.95e+00   1.53e+00  2.19e+07        1    3.94e-01    3.19e+00
   8  1.027819e+04    1.55e+01    1.62e+03   2.29e+00   1.51e+00  6.56e+07        1    3.96e-01    3.59e+00
   9  1.026792e+04    1.03e+01    1.07e+03   1.98e+00   1.56e+00  1.97e+08        1    4.00e-01    3.99e+00
  10  1.026137e+04    6.55e+00    4.37e+02   1.23e+00   1.75e+00  5.90e+08        1    3.98e-01    4.39e+00
  11  1.025675e+04    4.62e+00    4.21e+02   4.64e-01   1.89e+00  1.77e+09        1    4.02e-01    4.79e+00
  12  1.025324e+04    3.51e+00    4.24e+02   1.54e-01   1.95e+00  5.31e+09        1    4.03e-01    5.20e+00
  13  1.025045e+04    2.79e+00    4.26e+02   7.43e-02   1.89e+00  1.59e+10        1    3.94e-01    5.59e+00
  14  1.024866e+04    1.79e+00    8.10e+01   4.58e-02   1.68e+00  4.78e+10        1    4.00e-01    5.99e+00
  15  1.024755e+04    1.11e+00    7.19e+01   3.98e-02   1.90e+00  1.43e+11        1    4.02e-01    6.39e+00
  16  1.024677e+04    7.72e-01    7.19e+01   2.63e-02   1.72e+00  4.30e+11        1    4.07e-01    6.80e+00
  17  1.024626e+04    5.18e-01    7.19e+01   1.81e-02   1.85e+00  1.29e+12        1    3.98e-01    7.20e+00
  18  1.024584e+04    4.16e-01    7.19e+01   1.35e-02   1.96e+00  3.87e+12        1    4.03e-01    7.60e+00
  19  1.024546e+04    3.77e-01    6.24e+01   1.14e-02   1.98e+00  1.16e+13        1    3.98e-01    8.00e+00
  20  1.024517e+04    2.90e-01    2.34e+01   1.01e-02   1.75e+00  3.49e+13        1    3.99e-01    8.40e+00
  21  1.024500e+04    1.77e-01    2.34e+01   9.23e-03   1.85e+00  1.05e+14        1    4.02e-01    8.80e+00
  22  1.024485e+04    1.47e-01    2.34e+01   8.31e-03   1.96e+00  3.14e+14        1    4.02e-01    9.21e+00
  23  1.024471e+04    1.38e-01    2.34e+01   7.78e-03   1.99e+00  9.41e+14        1    4.03e-01    9.61e+00
  24  1.024458e+04    1.33e-01    2.34e+01   7.35e-03   1.99e+00  2.82e+15        1    4.04e-01    1.00e+01
  25  1.024446e+04    1.18e-01    2.34e+01   6.91e-03   1.91e+00  8.47e+15        1    3.99e-01    1.04e+01
  26  1.024436e+04    1.05e-01    2.34e+01   6.42e-03   1.95e+00  2.54e+16        1    3.97e-01    1.08e+01
  27  1.024427e+04    8.36e-02    2.34e+01   6.08e-03   1.89e+00  7.63e+16        1    4.00e-01    1.12e+01
  28  1.024420e+04    6.86e-02    2.34e+01   5.73e-03   1.93e+00  2.29e+17        1    3.99e-01    1.16e+01
  29  1.024414e+04    6.09e-02    2.34e+01   5.39e-03   1.98e+00  6.86e+17        1    4.03e-01    1.20e+01
  30  1.024408e+04    5.77e-02    2.34e+01   5.14e-03   1.99e+00  2.06e+18        1    4.07e-01    1.24e+01
  31  1.024403e+04    5.39e-02    1.58e+01   4.92e-03   1.94e+00  6.18e+18        1    4.07e-01    1.28e+01
  32  1.024399e+04    3.72e-02    1.20e+01   4.66e-03   1.79e+00  1.85e+19        1    4.09e-01    1.32e+01
  33  1.024396e+04    3.00e-02    1.16e+01   4.43e-03   1.98e+00  5.56e+19        1    4.04e-01    1.36e+01
  34  1.024394e+04    2.86e-02    1.12e+01   4.26e-03   1.99e+00  1.00e+20        1    4.04e-01    1.40e+01
  35  1.024391e+04    2.77e-02    1.08e+01   4.10e-03   1.99e+00  1.00e+20        1    3.99e-01    1.44e+01
  36  1.024388e+04    2.67e-02    1.04e+01   3.94e-03   1.99e+00  1.00e+20        1    4.01e-01    1.49e+01
  37  1.024385e+04    2.59e-02    1.01e+01   3.80e-03   1.99e+00  1.00e+20        1    4.07e-01    1.53e+01
  38  1.024383e+04    2.38e-02    9.72e+00   3.65e-03   1.92e+00  1.00e+20        1    3.97e-01    1.57e+01
  39  1.024381e+04    2.16e-02    9.38e+00   3.50e-03   1.98e+00  1.00e+20        1    3.98e-01    1.61e+01
  40  1.024379e+04    2.08e-02    9.06e+00   3.37e-03   1.99e+00  1.00e+20        1    4.00e-01    1.65e+01
  41  1.024377e+04    2.01e-02    8.92e+00   3.25e-03   1.99e+00  1.00e+20        1    4.01e-01    1.69e+01
  42  1.024375e+04    1.94e-02    8.93e+00   3.14e-03   1.99e+00  1.00e+20        1    4.07e-01    1.73e+01
  43  1.024373e+04    1.88e-02    8.93e+00   3.02e-03   1.99e+00  1.00e+20        1    4.02e-01    1.77e+01
  44  1.024371e+04    1.76e-02    8.93e+00   2.92e-03   1.93e+00  1.00e+20        1    4.08e-01    1.81e+01
  45  1.024370e+04    1.58e-02    8.93e+00   2.79e-03   1.98e+00  1.00e+20        1    4.00e-01    1.85e+01
  46  1.024368e+04    1.52e-02    8.93e+00   2.69e-03   1.99e+00  1.00e+20        1    4.07e-01    1.89e+01
  47  1.024367e+04    1.47e-02    8.93e+00   2.59e-03   1.99e+00  1.00e+20        1    4.20e-01    1.93e+01
  48  1.024365e+04    1.42e-02    8.94e+00   2.50e-03   1.99e+00  1.00e+20        1    4.19e-01    1.97e+01
  49  1.024364e+04    1.38e-02    8.94e+00   2.41e-03   1.99e+00  1.00e+20        1    4.19e-01    2.01e+01
  50  1.024363e+04    1.27e-02    8.94e+00   2.33e-03   1.91e+00  1.00e+20        1    4.16e-01    2.06e+01
  51  1.024362e+04    9.11e-03    8.95e+00   2.21e-03   1.87e+00  1.00e+20        1    3.98e-01    2.10e+01
  52  1.024361e+04    7.77e-03    8.95e+00   2.12e-03   1.98e+00  1.00e+20        1    4.09e-01    2.14e+01
  53  1.024360e+04    7.39e-03    8.95e+00   2.04e-03   1.99e+00  1.00e+20        1    3.95e-01    2.18e+01
  54  1.024360e+04    7.11e-03    8.95e+00   1.97e-03   1.99e+00  1.00e+20        1    3.97e-01    2.22e+01
  55  1.024359e+04    6.85e-03    8.95e+00   1.90e-03   1.99e+00  1.00e+20        1    4.00e-01    2.26e+01
  56  1.024358e+04    6.60e-03    8.95e+00   1.83e-03   1.99e+00  1.00e+20        1    4.09e-01    2.30e+01
  57  1.024358e+04    6.37e-03    8.95e+00   1.77e-03   1.99e+00  1.00e+20        1    4.07e-01    2.34e+01
  58  1.024357e+04    6.16e-03    8.95e+00   1.70e-03   1.99e+00  1.00e+20        1    3.98e-01    2.38e+01
  59  1.024356e+04    5.96e-03    8.96e+00   1.65e-03   2.00e+00  1.00e+20        1    4.06e-01    2.42e+01
  60  1.024356e+04    5.77e-03    8.96e+00   1.59e-03   2.00e+00  1.00e+20        1    3.96e-01    2.46e+01
  61  1.024355e+04    5.59e-03    8.96e+00   1.53e-03   2.00e+00  1.00e+20        1    3.97e-01    2.50e+01
  62  1.024355e+04    5.42e-03    8.96e+00   1.48e-03   2.00e+00  1.00e+20        1    4.07e-01    2.54e+01
  63  1.024354e+04    5.26e-03    8.96e+00   1.43e-03   2.00e+00  1.00e+20        1    4.01e-01    2.58e+01
  64  1.024354e+04    5.11e-03    8.96e+00   1.38e-03   2.00e+00  1.00e+20        1    3.92e-01    2.62e+01
  65  1.024353e+04    4.97e-03    8.97e+00   1.33e-03   2.00e+00  1.00e+20        1    3.95e-01    2.66e+01
  66  1.024353e+04    4.84e-03    8.97e+00   1.29e-03   2.00e+00  1.00e+20        1    3.96e-01    2.70e+01
  67  1.024352e+04    4.71e-03    8.97e+00   1.25e-03   2.00e+00  1.00e+20        1    3.95e-01    2.74e+01
  68  1.024352e+04    4.60e-03    8.97e+00   1.20e-03   2.00e+00  1.00e+20        1    3.97e-01    2.78e+01
  69  1.024351e+04    4.49e-03    8.97e+00   1.16e-03   2.00e+00  1.00e+20        1    4.06e-01    2.82e+01
  70  1.024351e+04    4.38e-03    8.97e+00   1.13e-03   2.00e+00  1.00e+20        1    3.95e-01    2.86e+01
  71  1.024350e+04    4.28e-03    8.98e+00   1.09e-03   2.00e+00  1.00e+20        1    3.95e-01    2.90e+01
  72  1.024350e+04    4.19e-03    8.98e+00   1.05e-03   2.00e+00  1.00e+20        1    4.00e-01    2.94e+01
  73  1.024350e+04    4.10e-03    8.98e+00   1.02e-03   2.00e+00  1.00e+20        1    3.95e-01    2.98e+01
  74  1.024349e+04    4.01e-03    8.98e+00   9.88e-04   2.00e+00  1.00e+20        1    3.98e-01    3.02e+01
  75  1.024349e+04    3.93e-03    8.98e+00   9.57e-04   2.00e+00  1.00e+20        1    4.07e-01    3.06e+01
  76  1.024348e+04    3.86e-03    8.98e+00   9.28e-04   2.00e+00  1.00e+20        1    4.06e-01    3.10e+01
  77  1.024348e+04    3.78e-03    8.99e+00   8.99e-04   2.00e+00  1.00e+20        1    3.95e-01    3.14e+01
  78  1.024348e+04    3.71e-03    8.99e+00   8.72e-04   2.00e+00  1.00e+20        1    3.98e-01    3.18e+01
  79  1.024347e+04    3.65e-03    8.99e+00   8.46e-04   2.00e+00  1.00e+20        1    3.94e-01    3.22e+01
  80  1.024347e+04    3.58e-03    8.99e+00   8.21e-04   2.00e+00  1.00e+20        1    3.95e-01    3.26e+01
  81  1.024347e+04    3.52e-03    8.99e+00   7.97e-04   2.00e+00  1.00e+20        1    4.02e-01    3.30e+01
  82  1.024346e+04    3.47e-03    8.99e+00   7.74e-04   2.00e+00  1.00e+20        1    4.01e-01    3.34e+01
  83  1.024346e+04    3.41e-03    9.00e+00   7.52e-04   2.00e+00  1.00e+20        1    3.94e-01    3.38e+01
  84  1.024346e+04    3.36e-03    9.00e+00   7.31e-04   2.00e+00  1.00e+20        1    3.96e-01    3.42e+01
  85  1.024345e+04    3.31e-03    9.00e+00   7.11e-04   2.00e+00  1.00e+20        1    3.94e-01    3.46e+01
  86  1.024345e+04    3.26e-03    9.00e+00   6.92e-04   2.00e+00  1.00e+20        1    3.92e-01    3.49e+01
  87  1.024345e+04    3.21e-03    9.00e+00   6.73e-04   2.00e+00  1.00e+20        1    3.96e-01    3.53e+01
  88  1.024344e+04    3.16e-03    9.00e+00   6.55e-04   2.00e+00  1.00e+20        1    3.96e-01    3.57e+01
  89  1.024344e+04    3.12e-03    9.01e+00   6.38e-04   2.00e+00  1.00e+20        1    3.98e-01    3.61e+01
  90  1.024344e+04    3.08e-03    9.01e+00   6.22e-04   2.00e+00  1.00e+20        1    3.97e-01    3.65e+01
  91  1.024343e+04    3.04e-03    9.01e+00   6.06e-04   2.00e+00  1.00e+20        1    4.03e-01    3.69e+01
  92  1.024343e+04    2.83e-03    7.24e+00   5.91e-04   1.89e+00  1.00e+20        1    4.06e-01    3.73e+01
  93  1.024343e+04    2.31e-03    6.32e+00   5.78e-04   1.96e+00  1.00e+20        1    3.97e-01    3.77e+01
  94  1.024343e+04    2.21e-03    6.15e+00   5.49e-04   2.00e+00  1.00e+20        1    4.06e-01    3.82e+01
  95  1.024342e+04    2.18e-03    6.12e+00   5.25e-04   2.00e+00  1.00e+20        1    3.95e-01    3.85e+01
  96  1.024342e+04    2.15e-03    6.12e+00   5.10e-04   2.00e+00  1.00e+20        1    4.07e-01    3.90e+01
  97  1.024342e+04    1.55e-03    2.79e+00   4.97e-04   1.46e+00  1.00e+20        1    3.98e-01    3.94e+01
  98  1.024342e+04    5.67e-04    2.13e+00   4.68e-04   1.87e+00  1.00e+20        1    4.03e-01    3.98e+01
  99  1.024342e+04    5.19e-04    2.14e+00   4.03e-04   2.00e+00  1.00e+20        1    4.22e-01    4.02e+01
 100  1.024342e+04    5.11e-04    2.14e+00   3.82e-04   2.01e+00  1.00e+20        1    4.24e-01    4.06e+01
 101  1.024342e+04    5.03e-04    2.14e+00   3.70e-04   2.01e+00  1.00e+20        1    4.20e-01    4.10e+01
 102  1.024342e+04    4.96e-04    2.14e+00   3.60e-04   2.01e+00  1.00e+20        1    4.04e-01    4.14e+01
 103  1.024342e+04    4.89e-04    2.15e+00   3.50e-04   2.02e+00  1.00e+20        1    4.13e-01    4.18e+01
 104  1.024342e+04    4.83e-04    2.15e+00   3.41e-04   2.02e+00  1.00e+20        1    4.02e-01    4.23e+01
 105  1.024342e+04    4.77e-04    2.15e+00   3.32e-04   2.02e+00  1.00e+20        1    4.11e-01    4.27e+01
 106  1.024342e+04    4.71e-04    2.16e+00   3.23e-04   2.02e+00  1.00e+20        1    4.00e-01    4.31e+01
 107  1.024341e+04    4.66e-04    2.16e+00   3.15e-04   2.02e+00  1.00e+20        1    3.96e-01    4.35e+01
 108  1.024341e+04    4.61e-04    2.16e+00   3.07e-04   2.01e+00  1.00e+20        1    4.04e-01    4.39e+01
 109  1.024341e+04    4.57e-04    2.16e+00   3.00e-04   2.01e+00  1.00e+20        1    3.93e-01    4.43e+01
 110  1.024341e+04    4.52e-04    2.17e+00   2.93e-04   2.01e+00  1.00e+20        1    3.94e-01    4.47e+01
 111  1.024341e+04    4.48e-04    2.17e+00   2.86e-04   2.01e+00  1.00e+20        1    4.01e-01    4.51e+01
 112  1.024341e+04    4.44e-04    2.17e+00   2.80e-04   2.01e+00  1.00e+20        1    4.01e-01    4.55e+01
 113  1.024341e+04    4.41e-04    2.17e+00   2.74e-04   2.01e+00  1.00e+20        1    3.96e-01    4.59e+01
 114  1.024341e+04    4.37e-04    2.18e+00   2.68e-04   2.01e+00  1.00e+20        1    3.95e-01    4.63e+01
 115  1.024341e+04    4.34e-04    2.18e+00   2.62e-04   2.01e+00  1.00e+20        1    3.93e-01    4.66e+01
 116  1.024341e+04    4.31e-04    2.18e+00   2.57e-04   2.01e+00  1.00e+20        1    3.92e-01    4.70e+01
 117  1.024341e+04    4.28e-04    2.18e+00   2.52e-04   2.01e+00  1.00e+20        1    4.07e-01    4.74e+01
 118  1.024341e+04    4.26e-04    2.19e+00   2.47e-04   2.01e+00  1.00e+20        1    4.09e-01    4.79e+01
 119  1.024341e+04    4.23e-04    2.19e+00   2.42e-04   2.01e+00  1.00e+20        1    4.10e-01    4.83e+01
 120  1.024341e+04    4.21e-04    2.19e+00   2.37e-04   2.01e+00  1.00e+20        1    4.12e-01    4.87e+01
 121  1.024341e+04    4.18e-04    2.19e+00   2.33e-04   2.01e+00  1.00e+20        1    4.00e-01    4.91e+01
 122  1.024341e+04    4.16e-04    2.20e+00   2.29e-04   2.01e+00  1.00e+20        1    3.97e-01    4.95e+01
 123  1.024341e+04    4.14e-04    2.20e+00   2.25e-04   2.01e+00  1.00e+20        1    3.96e-01    4.99e+01
 124  1.024341e+04    4.12e-04    2.20e+00   2.21e-04   2.01e+00  1.00e+20        1    4.00e-01    5.03e+01
 125  1.024341e+04    4.10e-04    2.20e+00   2.18e-04   2.01e+00  1.00e+20        1    3.93e-01    5.07e+01
 126  1.024341e+04    4.08e-04    2.21e+00   2.14e-04   2.01e+00  1.00e+20        1    4.04e-01    5.11e+01
 127  1.024341e+04    4.06e-04    2.21e+00   2.11e-04   2.01e+00  1.00e+20        1    4.00e-01    5.15e+01
 128  1.024341e+04    4.05e-04    2.21e+00   2.08e-04   2.01e+00  1.00e+20        1    3.93e-01    5.19e+01
 129  1.024341e+04    4.03e-04    2.21e+00   2.05e-04   2.01e+00  1.00e+20        1    3.94e-01    5.23e+01
 130  1.024340e+04    4.01e-04    2.22e+00   2.02e-04   2.01e+00  1.00e+20        1    4.04e-01    5.27e+01
 131  1.024340e+04    4.00e-04    2.22e+00   1.99e-04   2.01e+00  1.00e+20        1    3.96e-01    5.31e+01
 132  1.024340e+04    3.98e-04    2.22e+00   1.97e-04   2.01e+00  1.00e+20        1    4.00e-01    5.35e+01
 133  1.024340e+04    3.97e-04    2.22e+00   1.94e-04   2.01e+00  1.00e+20        1    3.94e-01    5.39e+01
 134  1.024340e+04    3.95e-04    2.23e+00   1.92e-04   2.01e+00  1.00e+20        1    3.93e-01    5.43e+01
 135  1.024340e+04    3.94e-04    2.23e+00   1.89e-04   2.01e+00  1.00e+20        1    4.00e-01    5.47e+01
 136  1.024340e+04    3.93e-04    2.23e+00   1.87e-04   2.01e+00  1.00e+20        1    3.92e-01    5.50e+01
 137  1.024340e+04    3.91e-04    2.23e+00   1.85e-04   2.01e+00  1.00e+20        1    3.99e-01    5.54e+01
 138  1.024340e+04    3.90e-04    2.24e+00   1.83e-04   2.01e+00  1.00e+20        1    4.00e-01    5.58e+01
 139  1.024340e+04    3.89e-04    2.24e+00   1.81e-04   2.01e+00  1.00e+20        1    3.97e-01    5.62e+01
 140  1.024340e+04    3.87e-04    2.24e+00   1.79e-04   2.01e+00  1.00e+20        1    4.01e-01    5.66e+01
 141  1.024340e+04    3.86e-04    2.24e+00   1.77e-04   2.01e+00  1.00e+20        1    4.12e-01    5.71e+01
 142  1.024340e+04    3.85e-04    2.25e+00   1.75e-04   2.01e+00  1.00e+20        1    4.00e-01    5.75e+01
 143  1.024340e+04    3.84e-04    2.25e+00   1.73e-04   2.01e+00  1.00e+20        1    4.04e-01    5.79e+01
 144  1.024340e+04    3.82e-04    2.25e+00   1.72e-04   2.01e+00  1.00e+20        1    4.04e-01    5.83e+01
 145  1.024340e+04    3.81e-04    2.25e+00   1.70e-04   2.01e+00  1.00e+20        1    3.95e-01    5.87e+01
 146  1.024340e+04    3.80e-04    2.26e+00   1.68e-04   2.01e+00  1.00e+20        1    3.95e-01    5.91e+01
 147  1.024340e+04    3.79e-04    2.26e+00   1.67e-04   2.01e+00  1.00e+20        1    3.94e-01    5.95e+01
 148  1.024340e+04    3.78e-04    2.26e+00   1.65e-04   2.01e+00  1.00e+20        1    4.01e-01    5.99e+01
 149  1.024340e+04    3.76e-04    2.26e+00   1.64e-04   2.01e+00  1.00e+20        1    3.98e-01    6.03e+01
 150  1.024340e+04    3.75e-04    2.26e+00   1.63e-04   2.01e+00  1.00e+20        1    3.95e-01    6.06e+01
 151  1.024340e+04    3.74e-04    2.27e+00   1.61e-04   2.01e+00  1.00e+20        1    4.00e-01    6.11e+01
 152  1.024340e+04    3.73e-04    2.27e+00   1.60e-04   2.00e+00  1.00e+20        1    4.03e-01    6.15e+01
 153  1.024340e+04    3.72e-04    2.27e+00   1.59e-04   2.00e+00  1.00e+20        1    3.94e-01    6.19e+01
 154  1.024340e+04    3.70e-04    2.27e+00   1.57e-04   2.00e+00  1.00e+20        1    3.96e-01    6.22e+01
 155  1.024340e+04    3.69e-04    2.28e+00   1.56e-04   2.00e+00  1.00e+20        1    3.96e-01    6.26e+01
 156  1.024339e+04    3.66e-04    2.05e+00   1.55e-04   1.99e+00  1.00e+20        1    3.94e-01    6.30e+01
 157  1.024339e+04    1.86e-04    6.68e-01   1.43e-04   1.25e+00  1.00e+20        1    4.01e-01    6.34e+01
 158  1.024339e+04    8.11e-06    1.74e+00   1.45e-04   7.59e-01  1.00e+20        1    3.95e-01    6.38e+01
 159  1.024339e+04    1.80e-06    6.43e-01   7.38e-05   8.96e-01  1.00e+20        1    3.93e-01    6.42e+01
 160  1.024339e+04    2.34e-06    6.30e-01   5.80e-05   1.75e+00  1.00e+20        1    3.94e-01    6.46e+01
 161  1.024339e+04    2.70e-06    6.17e-01   5.43e-05   2.21e+00  1.00e+20        1    3.95e-01    6.50e+01
 162  1.024339e+04    2.79e-06    6.04e-01   5.25e-05   2.43e+00  1.00e+20        1    3.94e-01    6.54e+01
 163  1.024339e+04    2.75e-06    5.91e-01   5.10e-05   2.53e+00  1.00e+20        1    3.97e-01    6.58e+01
 164  1.024339e+04    2.66e-06    5.78e-01   4.96e-05   2.59e+00  1.00e+20        1    4.08e-01    6.62e+01
 165  1.024339e+04    2.55e-06    5.65e-01   4.83e-05   2.63e+00  1.00e+20        1    3.95e-01    6.66e+01
 166  1.024339e+04    2.44e-06    5.52e-01   4.70e-05   2.66e+00  1.00e+20        1    4.04e-01    6.70e+01
 167  1.024339e+04    2.33e-06    5.39e-01   4.57e-05   2.68e+00  1.00e+20        1    3.98e-01    6.74e+01
 168  1.024339e+04    2.22e-06    5.26e-01   4.45e-05   2.70e+00  1.00e+20        1    4.04e-01    6.78e+01
 169  1.024339e+04    2.12e-06    5.14e-01   4.33e-05   2.72e+00  1.00e+20        1    3.95e-01    6.82e+01
 170  1.024339e+04    2.02e-06    5.02e-01   4.22e-05   2.74e+00  1.00e+20        1    3.92e-01    6.86e+01
 171  1.024339e+04    1.92e-06    4.89e-01   4.11e-05   2.76e+00  1.00e+20        1    4.06e-01    6.90e+01
 172  1.024339e+04    1.83e-06    4.77e-01   4.00e-05   2.78e+00  1.00e+20        1    3.96e-01    6.94e+01
 173  1.024339e+04    1.75e-06    4.66e-01   3.89e-05   2.80e+00  1.00e+20        1    3.92e-01    6.98e+01
 174  1.024339e+04    1.67e-06    4.54e-01   3.79e-05   2.83e+00  1.00e+20        1    3.96e-01    7.02e+01
 175  1.024339e+04    1.59e-06    4.43e-01   3.69e-05   2.85e+00  1.00e+20        1    3.94e-01    7.06e+01
 176  1.024339e+04    1.52e-06    4.32e-01   3.59e-05   2.87e+00  1.00e+20        1    3.94e-01    7.10e+01
 177  1.024339e+04    1.45e-06    4.21e-01   3.50e-05   2.89e+00  1.00e+20        1    4.03e-01    7.14e+01
 178  1.024339e+04    1.38e-06    2.17e-01   3.41e-05   2.91e+00  1.00e+20        1    3.94e-01    7.18e+01
 179  1.024339e+04    1.32e-06    2.11e-01   3.32e-05   2.94e+00  1.00e+20        1    4.12e-01    7.22e+01
 180  1.024339e+04    1.26e-06    2.05e-01   3.23e-05   2.96e+00  1.00e+20        1    3.96e-01    7.26e+01
 181  1.024339e+04    1.21e-06    1.99e-01   3.15e-05   2.99e+00  1.00e+20        1    4.03e-01    7.30e+01
 182  1.024339e+04    1.15e-06    1.93e-01   3.06e-05   3.01e+00  1.00e+20        1    4.01e-01    7.34e+01
 183  1.024339e+04    1.10e-06    1.88e-01   2.98e-05   3.04e+00  1.00e+20        1    4.29e-01    7.38e+01
 184  1.024339e+04    1.05e-06    1.82e-01   2.91e-05   3.06e+00  1.00e+20        1    4.21e-01    7.43e+01
 185  1.024339e+04    1.01e-06    1.77e-01   2.83e-05   3.09e+00  1.00e+20        1    4.33e-01    7.47e+01
 186  1.024339e+04    9.61e-07    1.72e-01   2.76e-05   3.12e+00  1.00e+20        1    4.17e-01    7.51e+01
 187  1.024339e+04    9.19e-07    1.67e-01   2.68e-05   3.14e+00  1.00e+20        1    4.19e-01    7.55e+01
 188  1.024339e+04    8.79e-07    1.63e-01   2.61e-05   3.17e+00  1.00e+20        1    4.19e-01    7.59e+01
 189  1.024339e+04    8.41e-07    1.58e-01   2.55e-05   3.20e+00  1.00e+20        1    4.26e-01    7.64e+01
 190  1.024339e+04    8.05e-07    1.54e-01   2.48e-05   3.23e+00  1.00e+20        1    4.37e-01    7.68e+01
 191  1.024339e+04    7.70e-07    1.49e-01   2.42e-05   3.26e+00  1.00e+20        1    3.95e-01    7.72e+01
 192  1.024339e+04    7.37e-07    1.45e-01   2.35e-05   3.29e+00  1.00e+20        1    3.97e-01    7.76e+01
 193  1.024339e+04    7.06e-07    1.41e-01   2.29e-05   3.33e+00  1.00e+20        1    3.98e-01    7.80e+01
 194  1.024339e+04    6.76e-07    1.37e-01   2.23e-05   3.36e+00  1.00e+20        1    3.99e-01    7.84e+01
 195  1.024339e+04    6.48e-07    1.33e-01   2.17e-05   3.39e+00  1.00e+20        1    3.97e-01    7.88e+01
 196  1.024339e+04    6.20e-07    1.30e-01   2.12e-05   3.43e+00  1.00e+20        1    4.01e-01    7.92e+01
 197  1.024339e+04    5.94e-07    1.26e-01   2.06e-05   3.47e+00  1.00e+20        1    3.96e-01    7.96e+01
 198  1.024339e+04    5.70e-07    1.23e-01   2.01e-05   3.50e+00  1.00e+20        1    4.04e-01    8.00e+01
 199  1.024339e+04    5.46e-07    1.19e-01   1.96e-05   3.54e+00  1.00e+20        1    3.96e-01    8.04e+01
 200  1.024339e+04    5.24e-07    1.16e-01   1.91e-05   3.58e+00  1.00e+20        1    3.95e-01    8.08e+01
