   1  2.409729e+08   -2.08e+09    0.00e+00   7.54e+02  -9.94e+00  5.00e+03        1    4.18e-02    1.47e-01
   2  2.409729e+08   -2.06e+09    0.00e+00   7.06e+02  -9.88e+00  1.25e+03        1    2.88e-02    1.75e-01
   3  2.409729e+08   -1.95e+09    0.00e+00   6.15e+02  -9.35e+00  1.56e+02        1    2.81e-02    2.04e-01
   4  2.409729e+08   -1.15e+09    0.00e+00   4.90e+02  -5.58e+00  9.77e+00        1    2.89e-02    2.32e-01
   5  1.793403e+08    6.16e+07    8.32e+05   1.95e+02   4.24e-01  9.73e+00        1    8.23e-02    3.15e-01
   6  6.830679e+07    1.11e+08    1.46e+05   5.66e+02   9.49e-01  2.92e+01        1    8.24e-02    3.97e-01
   7  3.351999e+07    3.48e+07    1.37e+05   2.04e+03   9.97e-01  8.76e+01        1    8.14e-02    4.79e-01
   8  2.854348e+07    4.98e+06    3.70e+04   6.18e+03   1.00e+00  2.63e+02        1    8.18e-02    5.61e-01
   9  2.827201e+07    2.71e+05    2.24e+04   1.53e+04   1.05e+00  7.88e+02        1    8.11e-02    6.42e-01
  10  2.825260e+07    1.94e+04    1.52e+04   3.01e+04   1.40e+00  2.36e+03        1    8.25e-02    7.24e-01
  11  2.824322e+07    9.38e+03    1.30e+04   2.59e+04   1.49e+00  7.09e+03        1    8.17e-02    8.06e-01
  12  2.823710e+07    6.12e+03    3.14e+04   4.08e+04   1.48e+00  2.13e+04        1    8.14e-02    8.87e-01
  13  2.823302e+07    4.07e+03    2.58e+04   9.37e+04   1.30e+00  6.39e+04        1    8.22e-02    9.70e-01
  14  2.823027e+07    2.75e+03    4.37e+04   1.03e+05   1.25e+00  1.92e+05        1    8.27e-02    1.05e+00
  15  2.822814e+07    2.13e+03    3.78e+04   1.74e+05   1.36e+00  5.75e+05        1    8.17e-02    1.13e+00
  16  2.822663e+07    1.52e+03    1.99e+04   5.14e+05   1.34e+00  1.72e+06        1    8.43e-02    1.22e+00
  17  2.822595e+07    6.80e+02    1.71e+04   6.72e+05   8.17e-01  2.31e+06        1    8.15e-02    1.30e+00
  18  2.822512e+07    8.30e+02    1.16e+04   6.34e+05   1.42e+00  6.93e+06        1    8.47e-02    1.38e+00
  19  2.822440e+07    7.14e+02    8.48e+03   5.00e+05   1.59e+00  2.08e+07        1    8.23e-02    1.47e+00
  20  2.822387e+07    5.29e+02    7.04e+03   1.63e+06   1.45e+00  6.24e+07        1    8.14e-02    1.55e+00
  21  2.822339e+07    4.84e+02    6.15e+03   2.97e+06   1.63e+00  1.87e+08        1    8.17e-02    1.63e+00
  22  2.822298e+07    4.10e+02    5.65e+03   2.07e+06   1.59e+00  5.62e+08        1    8.12e-02    1.71e+00
  23  2.822276e+07    2.19e+02    4.10e+03   3.24e+06   9.65e-01  1.68e+09        1    8.19e-02    1.79e+00
  24  2.822241e+07    3.55e+02    3.35e+03   5.45e+06   1.67e+00  5.05e+09        1    8.17e-02    1.88e+00
  25  2.822206e+07    3.46e+02    2.71e+03   1.94e+07   1.71e+00  1.52e+10        1    8.17e-02    1.96e+00
  26  2.822179e+07    2.74e+02    2.20e+03   1.15e+07   1.52e+00  4.55e+10        1    8.15e-02    2.04e+00
  27  2.822179e+07   -3.64e+02    0.00e+00   9.51e+07  -2.18e+00  2.27e+10        1    2.95e-02    2.07e+00
  28  2.822179e+07   -1.44e+02    0.00e+00   5.86e+07  -8.71e-01  5.69e+09        1    2.82e-02    2.10e+00
  29  2.822179e+07   -1.59e+02    0.00e+00   1.95e+07  -9.72e-01  7.11e+08        1    2.96e-02    2.13e+00
  30  2.822179e+07   -1.34e+02    0.00e+00   3.13e+06  -8.33e-01  4.44e+07        1    2.81e-02    2.15e+00
  31  2.822179e+07   -1.37e+02    0.00e+00   2.20e+05  -8.56e-01  1.39e+06        1    2.82e-02    2.18e+00
  32  2.822179e+07   -1.76e+02    0.00e+00   7.09e+04  -1.10e+00  2.17e+04        1    2.82e-02    2.21e+00
  33  2.822152e+07    2.64e+02    1.76e+03   3.53e+04   1.74e+00  6.51e+04        1    8.26e-02    2.29e+00
  34  2.822128e+07    2.40e+02    1.35e+03   2.46e+04   1.77e+00  1.95e+05        1    8.13e-02    2.37e+00
  35  2.822103e+07    2.54e+02    1.11e+03   2.56e+04   2.21e+00  5.86e+05        1    8.10e-02    2.46e+00
  36  2.822088e+07    1.48e+02    9.19e+02   1.07e+05   1.79e+00  1.76e+06        1    8.16e-02    2.54e+00
  37  2.822075e+07    1.25e+02    7.63e+02   7.89e+04   1.58e+00  5.27e+06        1    8.09e-02    2.62e+00
  38  2.822062e+07    1.33e+02    6.28e+02   4.46e+05   1.75e+00  1.58e+07        1    8.19e-02    2.70e+00
