   1  2.759307e+04    1.77e+03    1.14e+05   1.08e+01   4.25e-01  9.97e+03        1    1.29e-01    2.51e-01
   2  2.338353e+04    4.21e+03    3.83e+04   2.99e-02   1.42e+00  2.99e+04        1    1.25e-01    3.76e-01
   3  2.295398e+04    4.30e+02    3.27e+04   1.67e-02   1.94e+00  8.97e+04        1    1.26e-01    5.02e-01
   4  2.283089e+04    1.23e+02    1.95e+04   6.37e-03   1.60e+00  2.69e+05        1    1.25e-01    6.27e-01
   5  2.278138e+04    4.95e+01    1.46e+04   3.55e-03   1.75e+00  8.07e+05        1    1.24e-01    7.51e-01
   6  2.274341e+04    3.80e+01    1.31e+04   3.23e-03   1.97e+00  2.42e+06        1    1.24e-01    8.76e-01
   7  2.269929e+04    4.41e+01    1.27e+04   3.83e-03   2.10e+00  7.27e+06        1    1.25e-01    1.00e+00
   8  2.263788e+04    6.14e+01    1.50e+04   5.10e-03   2.16e+00  2.18e+07        1    1.25e-01    1.13e+00
   9  2.254326e+04    9.46e+01    2.07e+04   7.42e-03   2.22e+00  6.54e+07        1    1.25e-01    1.25e+00
  10  2.241922e+04    1.24e+02    2.45e+04   8.81e-03   2.12e+00  1.96e+08        1    1.25e-01    1.38e+00
  11  2.232281e+04    9.64e+01    2.82e+04   6.43e-03   2.11e+00  5.89e+08        1    1.25e-01    1.50e+00
  12  2.224602e+04    7.68e+01    2.13e+04   5.56e-03   1.85e+00  1.77e+09        1    1.25e-01    1.63e+00
  13  2.222797e+04    1.81e+01    7.22e+03   3.00e-03   1.40e+00  5.30e+09        1    1.26e-01    1.75e+00
  14  2.222614e+04    1.83e+00    1.81e+03   2.13e-03   1.40e+00  1.59e+10        1    1.25e-01    1.88e+00
  15  2.222548e+04    6.58e-01    8.44e+02   2.11e-03   2.09e+00  4.77e+10        1    1.25e-01    2.00e+00
  16  2.222475e+04    7.31e-01    7.05e+02   1.99e-03   2.31e+00  1.43e+11        1    1.25e-01    2.13e+00
  17  2.222409e+04    6.55e-01    5.88e+02   1.43e-03   2.04e+00  4.29e+11        1    1.26e-01    2.25e+00
  18  2.222374e+04    3.53e-01    4.90e+02   7.01e-04   1.77e+00  1.29e+12        1    1.25e-01    2.38e+00
  19  2.222359e+04    1.53e-01    4.08e+02   3.89e-04   1.72e+00  3.86e+12        1    1.25e-01    2.50e+00
  20  2.222352e+04    7.13e-02    3.39e+02   2.82e-04   1.74e+00  1.16e+13        1    1.25e-01    2.63e+00
  21  2.222348e+04    3.82e-02    2.82e+02   2.17e-04   1.78e+00  3.48e+13        1    1.26e-01    2.75e+00
  22  2.222346e+04    2.29e-02    2.34e+02   1.74e-04   1.81e+00  1.04e+14        1    1.26e-01    2.88e+00
