   1  1.884150e+05    1.19e+06    2.66e+05   1.17e+01   1.07e+00  3.00e+04        1    7.90e-01    1.43e+00
   2  1.705755e+05    1.78e+04    6.95e+04   9.62e+00   1.29e+00  9.00e+04        1    6.59e-01    2.09e+00
   3  1.643509e+05    6.22e+03    3.16e+04   9.88e+00   1.40e+00  2.70e+05        1    6.54e-01    2.74e+00
   4  1.618698e+05    2.48e+03    1.73e+04   8.83e+00   1.47e+00  8.10e+05        1    6.54e-01    3.40e+00
   5  1.609191e+05    9.51e+02    1.12e+04   5.24e+00   1.41e+00  2.43e+06        1    6.54e-01    4.05e+00
   6  1.604911e+05    4.28e+02    4.58e+03   2.24e+00   1.47e+00  7.29e+06        1    6.50e-01    4.70e+00
   7  1.602290e+05    2.62e+02    4.28e+03   2.10e+00   1.44e+00  2.19e+07        1    6.75e-01    5.38e+00
   8  1.600592e+05    1.70e+02    4.09e+03   2.33e+00   1.44e+00  6.56e+07        1    6.59e-01    6.04e+00
   9  1.599609e+05    9.83e+01    3.87e+03   2.21e+00   1.52e+00  1.97e+08        1    6.81e-01    6.72e+00
  10  1.599080e+05    5.29e+01    2.85e+03   1.51e+00   1.67e+00  5.90e+08        1    6.65e-01    7.39e+00
  11  1.598807e+05    2.74e+01    1.83e+03   6.13e-01   1.71e+00  1.77e+09        1    6.50e-01    8.05e+00
  12  1.598657e+05    1.50e+01    1.20e+03   2.33e-01   1.81e+00  5.31e+09        1    6.52e-01    8.70e+00
  13  1.598545e+05    1.13e+01    6.36e+02   1.88e-01   1.86e+00  1.59e+10        1    6.55e-01    9.35e+00
  14  1.598453e+05    9.20e+00    5.22e+02   1.77e-01   1.89e+00  4.78e+10        1    6.91e-01    1.00e+01
  15  1.598376e+05    7.65e+00    4.99e+02   1.70e-01   1.86e+00  1.43e+11        1    6.52e-01    1.07e+01
  16  1.598311e+05    6.46e+00    4.05e+02   1.57e-01   1.90e+00  4.30e+11        1    6.54e-01    1.14e+01
  17  1.598255e+05    5.65e+00    3.95e+02   1.49e-01   1.90e+00  1.29e+12        1    6.99e-01    1.21e+01
  18  1.598205e+05    4.98e+00    3.87e+02   1.43e-01   1.91e+00  3.87e+12        1    7.06e-01    1.28e+01
  19  1.598161e+05    4.39e+00    3.39e+02   1.34e-01   1.91e+00  1.16e+13        1    6.60e-01    1.34e+01
  20  1.598122e+05    3.91e+00    3.30e+02   1.26e-01   1.92e+00  3.49e+13        1    6.60e-01    1.41e+01
  21  1.598087e+05    3.49e+00    3.22e+02   1.21e-01   1.92e+00  1.05e+14        1    6.57e-01    1.47e+01
  22  1.598056e+05    3.09e+00    3.14e+02   1.16e-01   1.91e+00  3.14e+14        1    7.00e-01    1.54e+01
  23  1.598030e+05    2.67e+00    3.06e+02   1.10e-01   1.92e+00  9.41e+14        1    6.91e-01    1.61e+01
  24  1.598006e+05    2.35e+00    2.99e+02   1.03e-01   1.92e+00  2.82e+15        1    6.53e-01    1.68e+01
  25  1.597985e+05    2.07e+00    2.92e+02   9.78e-02   1.93e+00  8.47e+15        1    6.53e-01    1.74e+01
  26  1.597967e+05    1.84e+00    2.90e+02   9.31e-02   1.94e+00  2.54e+16        1    6.54e-01    1.81e+01
  27  1.597951e+05    1.65e+00    2.90e+02   8.90e-02   1.94e+00  7.63e+16        1    6.60e-01    1.88e+01
  28  1.597936e+05    1.49e+00    2.90e+02   8.53e-02   1.95e+00  2.29e+17        1    6.65e-01    1.94e+01
  29  1.597922e+05    1.34e+00    2.90e+02   8.17e-02   1.95e+00  6.86e+17        1    6.57e-01    2.01e+01
  30  1.597910e+05    1.22e+00    2.90e+02   7.81e-02   1.95e+00  2.06e+18        1    6.55e-01    2.07e+01
  31  1.597899e+05    1.10e+00    2.57e+02   7.45e-02   1.95e+00  6.18e+18        1    6.61e-01    2.14e+01
  32  1.597889e+05    9.78e-01    2.52e+02   7.10e-02   1.94e+00  1.85e+19        1    6.61e-01    2.21e+01
  33  1.597881e+05    8.44e-01    2.47e+02   6.75e-02   1.90e+00  5.56e+19        1    6.64e-01    2.27e+01
  34  1.597874e+05    6.95e-01    2.42e+02   5.92e-02   1.91e+00  1.00e+20        1    6.54e-01    2.34e+01
  35  1.597869e+05    5.12e-01    2.38e+02   5.23e-02   1.85e+00  1.00e+20        1    6.56e-01    2.40e+01
  36  1.597865e+05    3.78e-01    2.33e+02   4.51e-02   1.88e+00  1.00e+20        1    6.53e-01    2.47e+01
  37  1.597862e+05    2.99e-01    2.29e+02   4.02e-02   1.91e+00  1.00e+20        1    6.53e-01    2.54e+01
  38  1.597860e+05    2.48e-01    2.27e+02   3.70e-02   1.93e+00  1.00e+20        1    6.54e-01    2.60e+01
  39  1.597857e+05    2.12e-01    2.27e+02   3.50e-02   1.94e+00  1.00e+20        1    6.53e-01    2.67e+01
  40  1.597856e+05    1.84e-01    2.27e+02   3.36e-02   1.94e+00  1.00e+20        1    6.54e-01    2.73e+01
  41  1.597854e+05    1.60e-01    2.27e+02   3.26e-02   1.94e+00  1.00e+20        1    6.53e-01    2.80e+01
  42  1.597853e+05    1.42e-01    2.27e+02   3.18e-02   1.95e+00  1.00e+20        1    6.57e-01    2.86e+01
  43  1.597851e+05    1.27e-01    2.27e+02   3.12e-02   1.96e+00  1.00e+20        1    6.58e-01    2.93e+01
  44  1.597850e+05    1.15e-01    2.27e+02   3.08e-02   1.96e+00  1.00e+20        1    6.54e-01    3.00e+01
  45  1.597849e+05    9.24e-02    2.27e+02   3.03e-02   1.78e+00  1.00e+20        1    6.53e-01    3.06e+01
  46  1.597849e+05    6.92e-02    2.27e+02   2.91e-02   1.93e+00  1.00e+20        1    6.53e-01    3.13e+01
  47  1.597848e+05    6.16e-02    2.27e+02   2.87e-02   1.96e+00  1.00e+20        1    6.53e-01    3.19e+01
  48  1.597847e+05    5.71e-02    2.27e+02   2.85e-02   1.97e+00  1.00e+20        1    6.53e-01    3.26e+01
  49  1.597847e+05    5.07e-02    2.27e+02   2.84e-02   1.87e+00  1.00e+20        1    6.53e-01    3.32e+01
  50  1.597846e+05    4.35e-02    2.27e+02   2.82e-02   1.97e+00  1.00e+20        1    6.89e-01    3.39e+01
  51  1.597846e+05    3.68e-02    7.36e+01   2.81e-02   1.77e+00  1.00e+20        1    6.91e-01    3.46e+01
  52  1.597846e+05    2.94e-02    7.36e+01   2.79e-02   1.97e+00  1.00e+20        1    6.52e-01    3.53e+01
  53  1.597845e+05    2.77e-02    7.36e+01   2.77e-02   1.97e+00  1.00e+20        1    6.53e-01    3.59e+01
  54  1.597845e+05    2.62e-02    7.37e+01   2.75e-02   1.97e+00  1.00e+20        1    6.56e-01    3.66e+01
  55  1.597845e+05    2.20e-02    7.37e+01   2.59e-02   1.83e+00  1.00e+20        1    6.61e-01    3.72e+01
  56  1.597845e+05    1.85e-02    7.37e+01   1.72e-02   1.97e+00  1.00e+20        1    6.52e-01    3.79e+01
  57  1.597845e+05    1.76e-02    7.37e+01   1.55e-02   1.98e+00  1.00e+20        1    6.56e-01    3.85e+01
  58  1.597844e+05    1.68e-02    7.37e+01   1.51e-02   1.98e+00  1.00e+20        1    6.52e-01    3.92e+01
  59  1.597844e+05    1.61e-02    7.37e+01   1.49e-02   1.98e+00  1.00e+20        1    6.52e-01    3.98e+01
  60  1.597844e+05    1.55e-02    7.37e+01   1.48e-02   1.98e+00  1.00e+20        1    6.90e-01    4.05e+01
  61  1.597844e+05    1.49e-02    7.38e+01   1.47e-02   1.98e+00  1.00e+20        1    6.90e-01    4.12e+01
  62  1.597844e+05    1.43e-02    7.38e+01   1.46e-02   1.98e+00  1.00e+20        1    6.56e-01    4.19e+01
  63  1.597844e+05    1.38e-02    7.38e+01   1.45e-02   1.98e+00  1.00e+20        1    6.53e-01    4.25e+01
  64  1.597844e+05    1.34e-02    7.38e+01   1.44e-02   1.98e+00  1.00e+20        1    6.55e-01    4.32e+01
  65  1.597843e+05    1.29e-02    7.38e+01   1.42e-02   1.98e+00  1.00e+20        1    6.54e-01    4.39e+01
  66  1.597843e+05    1.25e-02    7.38e+01   1.41e-02   1.99e+00  1.00e+20        1    6.54e-01    4.45e+01
  67  1.597843e+05    1.21e-02    7.38e+01   1.40e-02   1.99e+00  1.00e+20        1    6.90e-01    4.52e+01
  68  1.597843e+05    1.16e-02    7.38e+01   1.39e-02   1.96e+00  1.00e+20        1    6.53e-01    4.59e+01
  69  1.597843e+05    1.08e-02    7.39e+01   1.37e-02   1.98e+00  1.00e+20        1    6.90e-01    4.65e+01
  70  1.597843e+05    1.04e-02    7.39e+01   1.36e-02   1.99e+00  1.00e+20        1    6.54e-01    4.72e+01
  71  1.597843e+05    1.02e-02    7.39e+01   1.35e-02   1.99e+00  1.00e+20        1    6.53e-01    4.79e+01
  72  1.597843e+05    9.88e-03    7.39e+01   1.33e-02   1.99e+00  1.00e+20        1    6.56e-01    4.85e+01
  73  1.597843e+05    9.61e-03    7.39e+01   1.32e-02   1.99e+00  1.00e+20        1    6.55e-01    4.92e+01
  74  1.597843e+05    9.36e-03    7.39e+01   1.30e-02   1.99e+00  1.00e+20        1    6.53e-01    4.98e+01
  75  1.597842e+05    9.06e-03    7.39e+01   1.29e-02   1.98e+00  1.00e+20        1    6.54e-01    5.05e+01
  76  1.597842e+05    7.77e-03    7.39e+01   1.24e-02   1.88e+00  1.00e+20        1    6.54e-01    5.11e+01
  77  1.597842e+05    6.33e-03    7.39e+01   1.09e-02   1.92e+00  1.00e+20        1    6.54e-01    5.18e+01
  78  1.597842e+05    5.47e-03    7.40e+01   8.50e-03   1.94e+00  1.00e+20        1    6.53e-01    5.24e+01
  79  1.597842e+05    4.87e-03    7.40e+01   6.60e-03   1.96e+00  1.00e+20        1    6.58e-01    5.31e+01
  80  1.597842e+05    4.48e-03    7.40e+01   5.12e-03   1.97e+00  1.00e+20        1    6.56e-01    5.38e+01
  81  1.597842e+05    4.22e-03    7.40e+01   3.97e-03   1.98e+00  1.00e+20        1    6.58e-01    5.44e+01
  82  1.597842e+05    4.04e-03    7.40e+01   3.08e-03   1.99e+00  1.00e+20        1    6.53e-01    5.51e+01
  83  1.597842e+05    3.89e-03    7.40e+01   2.39e-03   1.99e+00  1.00e+20        1    6.55e-01    5.57e+01
  84  1.597842e+05    3.78e-03    7.40e+01   1.85e-03   1.99e+00  1.00e+20        1    6.59e-01    5.64e+01
  85  1.597842e+05    3.67e-03    7.40e+01   1.44e-03   1.99e+00  1.00e+20        1    6.55e-01    5.71e+01
  86  1.597842e+05    3.58e-03    7.40e+01   1.12e-03   2.00e+00  1.00e+20        1    6.52e-01    5.77e+01
  87  1.597842e+05    3.34e-03    5.10e+01   8.71e-04   1.90e+00  1.00e+20        1    6.53e-01    5.84e+01
  88  1.597842e+05    1.24e-03    9.13e+00   6.80e-04   1.32e+00  1.00e+20        1    6.54e-01    5.90e+01
  89  1.597842e+05    4.53e-04    9.11e+00   5.32e-04   1.95e+00  1.00e+20        1    6.53e-01    5.97e+01
  90  1.597842e+05    4.28e-04    9.09e+00   4.19e-04   1.98e+00  1.00e+20        1    6.54e-01    6.03e+01
  91  1.597842e+05    4.13e-04    9.07e+00   3.33e-04   1.98e+00  1.00e+20        1    6.54e-01    6.10e+01
  92  1.597842e+05    4.01e-04    9.05e+00   2.68e-04   1.98e+00  1.00e+20        1    6.59e-01    6.16e+01
  93  1.597842e+05    3.90e-04    9.03e+00   2.20e-04   1.98e+00  1.00e+20        1    6.96e-01    6.23e+01
  94  1.597842e+05    3.79e-04    9.01e+00   1.84e-04   1.98e+00  1.00e+20        1    6.88e-01    6.30e+01
  95  1.597842e+05    3.70e-04    8.99e+00   1.58e-04   1.98e+00  1.00e+20        1    6.87e-01    6.37e+01
  96  1.597842e+05    3.61e-04    8.97e+00   1.39e-04   1.98e+00  1.00e+20        1    6.54e-01    6.44e+01
  97  1.597842e+05    3.53e-04    8.95e+00   1.26e-04   1.98e+00  1.00e+20        1    6.91e-01    6.51e+01
  98  1.597842e+05    3.45e-04    8.93e+00   1.17e-04   1.98e+00  1.00e+20        1    6.52e-01    6.57e+01
  99  1.597842e+05    3.38e-04    8.91e+00   1.10e-04   1.99e+00  1.00e+20        1    6.54e-01    6.64e+01
 100  1.597842e+05    3.31e-04    8.89e+00   1.05e-04   1.99e+00  1.00e+20        1    6.57e-01    6.70e+01
 101  1.597842e+05    3.25e-04    8.87e+00   1.02e-04   1.99e+00  1.00e+20        1    6.52e-01    6.77e+01
 102  1.597842e+05    3.19e-04    8.85e+00   9.90e-05   1.99e+00  1.00e+20        1    6.54e-01    6.84e+01
 103  1.597842e+05    3.14e-04    8.83e+00   9.68e-05   1.99e+00  1.00e+20        1    6.53e-01    6.90e+01
 104  1.597842e+05    3.08e-04    8.81e+00   9.48e-05   1.99e+00  1.00e+20        1    6.56e-01    6.97e+01
 105  1.597842e+05    3.04e-04    8.79e+00   9.32e-05   1.99e+00  1.00e+20        1    6.61e-01    7.03e+01
 106  1.597842e+05    2.99e-04    8.77e+00   9.17e-05   1.99e+00  1.00e+20        1    6.53e-01    7.10e+01
 107  1.597842e+05    2.95e-04    8.75e+00   9.04e-05   1.99e+00  1.00e+20        1    6.54e-01    7.16e+01
 108  1.597842e+05    2.90e-04    8.73e+00   8.91e-05   1.99e+00  1.00e+20        1    6.58e-01    7.23e+01
 109  1.597842e+05    2.87e-04    8.71e+00   8.80e-05   1.99e+00  1.00e+20        1    6.58e-01    7.29e+01
 110  1.597842e+05    2.83e-04    8.69e+00   8.69e-05   1.99e+00  1.00e+20        1    6.56e-01    7.36e+01
 111  1.597842e+05    2.79e-04    8.67e+00   8.59e-05   1.99e+00  1.00e+20        1    6.89e-01    7.43e+01
 112  1.597842e+05    2.76e-04    8.65e+00   8.49e-05   1.99e+00  1.00e+20        1    6.54e-01    7.50e+01
 113  1.597842e+05    2.73e-04    8.63e+00   8.40e-05   1.99e+00  1.00e+20        1    6.54e-01    7.56e+01
 114  1.597842e+05    2.70e-04    8.61e+00   8.32e-05   1.99e+00  1.00e+20        1    6.55e-01    7.63e+01
 115  1.597842e+05    2.67e-04    8.60e+00   8.23e-05   1.99e+00  1.00e+20        1    6.53e-01    7.69e+01
 116  1.597842e+05    2.64e-04    8.58e+00   8.16e-05   1.99e+00  1.00e+20        1    6.53e-01    7.76e+01
 117  1.597842e+05    2.61e-04    8.56e+00   8.08e-05   1.99e+00  1.00e+20        1    6.54e-01    7.82e+01
 118  1.597842e+05    2.59e-04    8.54e+00   8.01e-05   1.99e+00  1.00e+20        1    6.54e-01    7.89e+01
 119  1.597842e+05    2.57e-04    8.52e+00   7.94e-05   1.99e+00  1.00e+20        1    6.90e-01    7.96e+01
 120  1.597842e+05    2.54e-04    8.50e+00   7.88e-05   1.99e+00  1.00e+20        1    6.90e-01    8.03e+01
 121  1.597842e+05    2.52e-04    8.49e+00   7.81e-05   1.99e+00  1.00e+20        1    6.91e-01    8.10e+01
 122  1.597842e+05    2.50e-04    8.47e+00   7.75e-05   1.99e+00  1.00e+20        1    6.57e-01    8.16e+01
 123  1.597842e+05    2.48e-04    8.45e+00   7.70e-05   1.99e+00  1.00e+20        1    6.54e-01    8.23e+01
 124  1.597842e+05    2.46e-04    8.43e+00   7.64e-05   1.99e+00  1.00e+20        1    6.57e-01    8.29e+01
 125  1.597842e+05    2.44e-04    8.41e+00   7.59e-05   1.99e+00  1.00e+20        1    6.56e-01    8.36e+01
 126  1.597842e+05    2.42e-04    8.40e+00   7.53e-05   1.99e+00  1.00e+20        1    6.93e-01    8.43e+01
 127  1.597842e+05    2.40e-04    8.38e+00   7.48e-05   1.99e+00  1.00e+20        1    6.89e-01    8.50e+01
 128  1.597842e+05    2.38e-04    8.36e+00   7.43e-05   1.99e+00  1.00e+20        1    6.55e-01    8.56e+01
 129  1.597842e+05    2.36e-04    8.34e+00   7.39e-05   1.99e+00  1.00e+20        1    6.56e-01    8.63e+01
 130  1.597842e+05    2.35e-04    8.33e+00   7.34e-05   1.99e+00  1.00e+20        1    6.54e-01    8.69e+01
 131  1.597842e+05    2.33e-04    8.31e+00   7.30e-05   1.99e+00  1.00e+20        1    6.58e-01    8.76e+01
 132  1.597842e+05    2.31e-04    8.29e+00   7.25e-05   1.99e+00  1.00e+20        1    6.54e-01    8.83e+01
 133  1.597842e+05    2.30e-04    8.27e+00   7.21e-05   1.99e+00  1.00e+20        1    6.54e-01    8.89e+01
 134  1.597842e+05    2.28e-04    8.26e+00   7.17e-05   1.99e+00  1.00e+20        1    6.57e-01    8.96e+01
 135  1.597842e+05    2.27e-04    8.24e+00   7.13e-05   1.99e+00  1.00e+20        1    6.53e-01    9.02e+01
 136  1.597842e+05    2.25e-04    8.22e+00   7.09e-05   1.99e+00  1.00e+20        1    6.54e-01    9.09e+01
 137  1.597842e+05    2.24e-04    8.21e+00   7.05e-05   1.99e+00  1.00e+20        1    6.53e-01    9.15e+01
 138  1.597842e+05    2.22e-04    8.19e+00   7.01e-05   1.99e+00  1.00e+20        1    6.54e-01    9.22e+01
 139  1.597842e+05    2.21e-04    8.17e+00   6.97e-05   1.99e+00  1.00e+20        1    6.60e-01    9.29e+01
 140  1.597842e+05    2.20e-04    8.16e+00   6.94e-05   1.99e+00  1.00e+20        1    6.57e-01    9.35e+01
 141  1.597842e+05    2.18e-04    8.14e+00   6.90e-05   1.99e+00  1.00e+20        1    6.58e-01    9.42e+01
 142  1.597842e+05    2.17e-04    8.13e+00   6.87e-05   1.99e+00  1.00e+20        1    6.53e-01    9.48e+01
 143  1.597842e+05    2.16e-04    8.11e+00   6.83e-05   1.99e+00  1.00e+20        1    6.56e-01    9.55e+01
 144  1.597842e+05    2.15e-04    8.09e+00   6.80e-05   1.99e+00  1.00e+20        1    6.54e-01    9.61e+01
 145  1.597842e+05    2.13e-04    8.08e+00   6.76e-05   1.99e+00  1.00e+20        1    6.57e-01    9.68e+01
 146  1.597842e+05    2.12e-04    8.06e+00   6.73e-05   1.99e+00  1.00e+20        1    6.71e-01    9.75e+01
 147  1.597842e+05    2.11e-04    8.05e+00   6.70e-05   1.99e+00  1.00e+20        1    6.56e-01    9.81e+01
 148  1.597842e+05    2.10e-04    8.03e+00   6.67e-05   1.99e+00  1.00e+20        1    6.55e-01    9.88e+01
 149  1.597842e+05    2.08e-04    8.02e+00   6.64e-05   1.99e+00  1.00e+20        1    6.53e-01    9.94e+01
 150  1.597842e+05    2.07e-04    8.00e+00   6.60e-05   1.99e+00  1.00e+20        1    6.53e-01    1.00e+02
 151  1.597842e+05    2.06e-04    7.98e+00   6.57e-05   1.99e+00  1.00e+20        1    6.54e-01    1.01e+02
 152  1.597842e+05    2.05e-04    7.97e+00   6.54e-05   1.99e+00  1.00e+20        1    6.55e-01    1.01e+02
 153  1.597842e+05    2.04e-04    7.95e+00   6.51e-05   1.99e+00  1.00e+20        1    6.96e-01    1.02e+02
 154  1.597842e+05    2.03e-04    7.94e+00   6.48e-05   1.99e+00  1.00e+20        1    6.53e-01    1.03e+02
 155  1.597842e+05    2.02e-04    7.92e+00   6.45e-05   1.99e+00  1.00e+20        1    6.53e-01    1.03e+02
 156  1.597842e+05    2.01e-04    7.91e+00   6.42e-05   1.99e+00  1.00e+20        1    6.53e-01    1.04e+02
 157  1.597842e+05    1.99e-04    7.89e+00   6.40e-05   1.99e+00  1.00e+20        1    6.53e-01    1.05e+02
 158  1.597842e+05    1.98e-04    7.88e+00   6.37e-05   1.99e+00  1.00e+20        1    6.53e-01    1.05e+02
 159  1.597842e+05    1.97e-04    7.86e+00   6.34e-05   1.99e+00  1.00e+20        1    6.53e-01    1.06e+02
 160  1.597842e+05    1.96e-04    7.85e+00   6.31e-05   1.99e+00  1.00e+20        1    6.54e-01    1.07e+02
 161  1.597842e+05    1.95e-04    7.83e+00   6.28e-05   1.99e+00  1.00e+20        1    6.56e-01    1.07e+02
 162  1.597842e+05    1.94e-04    7.82e+00   6.25e-05   1.99e+00  1.00e+20        1    6.55e-01    1.08e+02
 163  1.597842e+05    1.93e-04    7.81e+00   6.23e-05   1.99e+00  1.00e+20        1    6.54e-01    1.09e+02
 164  1.597842e+05    1.92e-04    7.79e+00   6.20e-05   1.99e+00  1.00e+20        1    6.54e-01    1.09e+02
 165  1.597842e+05    1.91e-04    7.78e+00   6.17e-05   1.99e+00  1.00e+20        1    6.53e-01    1.10e+02
 166  1.597842e+05    1.90e-04    7.76e+00   6.14e-05   1.99e+00  1.00e+20        1    6.54e-01    1.11e+02
 167  1.597842e+05    1.89e-04    7.75e+00   6.12e-05   1.99e+00  1.00e+20        1    6.55e-01    1.11e+02
 168  1.597842e+05    1.88e-04    7.73e+00   6.09e-05   1.99e+00  1.00e+20        1    6.55e-01    1.12e+02
 169  1.597842e+05    1.87e-04    7.72e+00   6.06e-05   1.99e+00  1.00e+20        1    6.55e-01    1.13e+02
 170  1.597842e+05    1.86e-04    7.71e+00   6.04e-05   1.99e+00  1.00e+20        1    6.91e-01    1.13e+02
 171  1.597842e+05    1.85e-04    7.69e+00   6.01e-05   1.99e+00  1.00e+20        1    6.91e-01    1.14e+02
 172  1.597842e+05    1.84e-04    7.68e+00   5.99e-05   1.99e+00  1.00e+20        1    6.53e-01    1.15e+02
 173  1.597842e+05    1.83e-04    7.66e+00   5.96e-05   1.99e+00  1.00e+20        1    6.53e-01    1.15e+02
 174  1.597842e+05    1.82e-04    7.65e+00   5.93e-05   1.99e+00  1.00e+20        1    6.53e-01    1.16e+02
 175  1.597842e+05    1.81e-04    7.64e+00   5.91e-05   1.99e+00  1.00e+20        1    6.56e-01    1.17e+02
 176  1.597842e+05    1.80e-04    7.62e+00   5.88e-05   1.99e+00  1.00e+20        1    6.58e-01    1.17e+02
 177  1.597842e+05    1.79e-04    7.61e+00   5.86e-05   1.99e+00  1.00e+20        1    6.54e-01    1.18e+02
 178  1.597842e+05    1.78e-04    7.60e+00   5.83e-05   1.99e+00  1.00e+20        1    6.56e-01    1.19e+02
 179  1.597842e+05    1.78e-04    7.58e+00   5.81e-05   1.99e+00  1.00e+20        1    6.54e-01    1.19e+02
 180  1.597842e+05    1.77e-04    7.57e+00   5.78e-05   1.99e+00  1.00e+20        1    6.53e-01    1.20e+02
 181  1.597842e+05    1.76e-04    7.56e+00   5.76e-05   1.99e+00  1.00e+20        1    6.55e-01    1.21e+02
 182  1.597842e+05    1.75e-04    7.54e+00   5.73e-05   1.99e+00  1.00e+20        1    6.55e-01    1.21e+02
 183  1.597842e+05    1.74e-04    7.53e+00   5.71e-05   1.99e+00  1.00e+20        1    6.54e-01    1.22e+02
 184  1.597842e+05    1.73e-04    7.52e+00   5.68e-05   1.99e+00  1.00e+20        1    6.54e-01    1.23e+02
 185  1.597842e+05    1.72e-04    7.51e+00   5.66e-05   1.99e+00  1.00e+20        1    6.55e-01    1.23e+02
 186  1.597842e+05    1.71e-04    7.49e+00   5.63e-05   1.99e+00  1.00e+20        1    6.54e-01    1.24e+02
 187  1.597842e+05    1.70e-04    7.48e+00   5.61e-05   1.99e+00  1.00e+20        1    6.54e-01    1.24e+02
 188  1.597842e+05    1.69e-04    7.47e+00   5.59e-05   1.99e+00  1.00e+20        1    6.55e-01    1.25e+02
 189  1.597842e+05    1.69e-04    7.45e+00   5.56e-05   1.99e+00  1.00e+20        1    6.54e-01    1.26e+02
 190  1.597842e+05    1.68e-04    7.44e+00   5.54e-05   1.99e+00  1.00e+20        1    6.57e-01    1.26e+02
 191  1.597842e+05    1.67e-04    7.43e+00   5.51e-05   1.99e+00  1.00e+20        1    6.61e-01    1.27e+02
 192  1.597842e+05    1.66e-04    7.42e+00   5.49e-05   1.99e+00  1.00e+20        1    6.57e-01    1.28e+02
 193  1.597842e+05    1.65e-04    7.40e+00   5.47e-05   1.99e+00  1.00e+20        1    6.54e-01    1.28e+02
 194  1.597842e+05    1.64e-04    7.39e+00   5.44e-05   1.99e+00  1.00e+20        1    6.53e-01    1.29e+02
 195  1.597842e+05    1.63e-04    7.38e+00   5.42e-05   1.99e+00  1.00e+20        1    6.54e-01    1.30e+02
 196  1.597842e+05    1.63e-04    7.37e+00   5.40e-05   1.99e+00  1.00e+20        1    6.55e-01    1.30e+02
 197  1.597842e+05    1.62e-04    7.36e+00   5.37e-05   1.99e+00  1.00e+20        1    6.56e-01    1.31e+02
 198  1.597842e+05    1.61e-04    7.34e+00   5.35e-05   1.99e+00  1.00e+20        1    6.55e-01    1.32e+02
 199  1.597842e+05    1.60e-04    7.33e+00   5.33e-05   1.99e+00  1.00e+20        1    6.60e-01    1.32e+02
 200  1.597842e+05    1.59e-04    7.32e+00   5.30e-05   1.99e+00  1.00e+20        1    6.54e-01    1.33e+02
